1,13,1,11,0,0,0,0,0,0,0,0,0,0,0.125,1.0
1,4,4,7,0,0,0,0,0,0,0,0,0,0,0.14285714285714285,0.5
2,5,4,3,0,0,0,0,0,0,0,0,0,0,0.16666666666666666,0.5
3,10,1,12,0,0,0,0,0,0,0,0,0,0,0.14285714285714285,0.25
4,4,4,6,0,0,0,0,0,0,0,0,0,0,0.16666666666666666,0.5
3,5,3,7,0,0,0,0,0,0,0,0,0,0,0.125,0.75
3,12,4,11,0,0,0,0,0,0,0,0,0,0,0.16666666666666666,0.875
2,10,1,11,0,0,0,0,0,0,0,0,0,0,0.14285714285714285,1.0
3,10,2,5,0,0,0,0,0,0,0,0,0,0,0.125,0.5
4,11,4,9,0,0,0,0,0,0,0,0,0,0,0.125,0.75
3,2,1,4,0,0,0,0,0,0,0,0,0,0,0.14285714285714285,1.0
3,10,3,9,0,0,0,0,0,0,0,0,0,0,0.125,0.5
2,9,2,12,0,0,0,0,0,0,0,0,0,0,0.14285714285714285,0.75
1,3,1,6,0,0,0,0,0,0,0,0,0,0,0.14285714285714285,0.875
1,5,1,9,0,0,0,0,0,0,0,0,0,0,0.16666666666666666,0.75
1,10,2,3,0,0,0,0,0,0,0,0,0,0,0.125,0.375
2,10,2,6,0,0,0,0,0,0,0,0,0,0,0.16666666666666666,0.625
4,10,1,13,0,0,0,0,0,0,0,0,0,0,0.125,1.0
2,7,2,3,0,0,0,0,0,0,0,0,0,0,0.16666666666666666,1.0
2,8,3,2,0,0,0,0,0,0,0,0,0,0,0.14285714285714285,0.75
3,14,2,11,0,0,0,0,0,0,0,0,0,0,0.125,0.875
1,4,1,8,0,0,0,0,0,0,0,0,0,0,0.14285714285714285,0.25
4,14,1,6,0,0,0,0,0,0,0,0,0,0,0.125,0.375
3,4,3,14,0,0,0,0,0,0,0,0,0,0,0.125,0.875
1,14,4,10,0,0,0,0,0,0,0,0,0,0,0.14285714285714285,0.5
2,8,1,14,0,0,0,0,0,0,0,0,0,0,0.14285714285714285,1.0
1,4,2,12,0,0,0,0,0,0,0,0,0,0,0.125,0.5
4,13,2,11,0,0,0,0,0,0,0,0,0,0,0.16666666666666666,0.25
1,7,4,4,0,0,0,0,0,0,0,0,0,0,0.16666666666666666,0.875
2,4,4,13,0,0,0,0,0,0,0,0,0,0,0.14285714285714285,0.25
4,8,4,12,0,0,0,0,0,0,0,0,0,0,0.125,0.5
1,8,3,2,0,0,0,0,0,0,0,0,0,0,0.14285714285714285,0.875
2,4,3,7,0,0,0,0,0,0,0,0,0,0,0.14285714285714285,0.875
4,12,4,6,0,0,0,0,0,0,0,0,0,0,0.14285714285714285,1.0
1,5,2,2,0,0,0,0,0,0,0,0,0,0,0.125,0.375
2,10,1,12,0,0,0,0,0,0,0,0,0,0,0.14285714285714285,0.625
2,8,4,13,0,0,0,0,0,0,0,0,0,0,0.16666666666666666,0.25
2,10,3,10,0,0,0,0,0,0,0,0,0,0,0.14285714285714285,0.5
2,2,2,6,0,0,0,0,0,0,0,0,0,0,0.16666666666666666,0.875
4,14,4,2,0,0,0,0,0,0,0,0,0,0,0.14285714285714285,0.25
4,8,2,14,0,0,0,0,0,0,0,0,0,0,0.125,0.5
2,6,4,5,0,0,0,0,0,0,0,0,0,0,0.14285714285714285,0.25
3,11,3,12,0,0,0,0,0,0,0,0,0,0,0.16666666666666666,0.5
2,3,1,7,0,0,0,0,0,0,0,0,0,0,0.125,1.0
4,14,3,6,0,0,0,0,0,0,0,0,0,0,0.16666666666666666,0.75
4,14,4,8,0,0,0,0,0,0,0,0,0,0,0.16666666666666666,0.875
1,10,3,12,0,0,0,0,0,0,0,0,0,0,0.125,0.375
1,3,1,8,0,0,0,0,0,0,0,0,0,0,0.125,0.375
4,7,1,4,0,0,0,0,0,0,0,0,0,0,0.125,0.25
4,8,4,3,0,0,0,0,0,0,0,0,0,0,0.14285714285714285,0.75
2,8,1,2,0,0,0,0,0,0,0,0,0,0,0.14285714285714285,1.0
2,11,2,9,0,0,0,0,0,0,0,0,0,0,0.16666666666666666,0.5
3,3,3,9,0,0,0,0,0,0,0,0,0,0,0.16666666666666666,0.875
1,7,4,13,0,0,0,0,0,0,0,0,0,0,0.14285714285714285,0.875
4,7,4,4,0,0,0,0,0,0,0,0,0,0,0.14285714285714285,0.5
3,11,2,10,0,0,0,0,0,0,0,0,0,0,0.14285714285714285,0.375
1,9,2,14,0,0,0,0,0,0,0,0,0,0,0.125,0.375
2,5,1,14,0,0,0,0,0,0,0,0,0,0,0.14285714285714285,0.875
2,14,2,2,0,0,0,0,0,0,0,0,0,0,0.16666666666666666,0.25
3,6,1,10,0,0,0,0,0,0,0,0,0,0,0.125,0.625
2,11,1,7,0,0,0,0,0,0,0,0,0,0,0.125,0.25
2,7,3,2,0,0,0,0,0,0,0,0,0,0,0.125,0.625
1,6,1,7,0,0,0,0,0,0,0,0,0,0,0.125,1.0
3,2,4,12,0,0,0,0,0,0,0,0,0,0,0.125,0.625
3,6,4,2,0,0,0,0,0,0,0,0,0,0,0.14285714285714285,0.75
1,7,1,11,0,0,0,0,0,0,0,0,0,0,0.14285714285714285,0.25
3,6,2,8,0,0,0,0,0,0,0,0,0,0,0.16666666666666666,0.375
3,6,2,11,0,0,0,0,0,0,0,0,0,0,0.16666666666666666,0.875
1,9,3,11,0,0,0,0,0,0,0,0,0,0,0.14285714285714285,1.0
1,2,2,9,0,0,0,0,0,0,0,0,0,0,0.16666666666666666,0.25
3,4,1,6,0,0,0,0,0,0,0,0,0,0,0.125,0.375
4,3,4,9,0,0,0,0,0,0,0,0,0,0,0.16666666666666666,0.5
3,8,4,14,0,0,0,0,0,0,0,0,0,0,0.125,0.375
3,8,1,6,0,0,0,0,0,0,0,0,0,0,0.14285714285714285,1.0
4,8,1,5,0,0,0,0,0,0,0,0,0,0,0.14285714285714285,1.0
4,12,1,5,0,0,0,0,0,0,0,0,0,0,0.125,0.625
1,8,2,5,0,0,0,0,0,0,0,0,0,0,0.16666666666666666,0.875
2,12,3,4,0,0,0,0,0,0,0,0,0,0,0.14285714285714285,0.875
2,9,3,11,0,0,0,0,0,0,0,0,0,0,0.16666666666666666,0.625
3,2,2,8,0,0,0,0,0,0,0,0,0,0,0.16666666666666666,0.875
3,9,4,4,0,0,0,0,0,0,0,0,0,0,0.14285714285714285,0.5
2,2,3,11,0,0,0,0,0,0,0,0,0,0,0.14285714285714285,0.375
3,13,2,7,0,0,0,0,0,0,0,0,0,0,0.14285714285714285,0.375
3,6,4,13,0,0,0,0,0,0,0,0,0,0,0.14285714285714285,0.75
2,11,3,4,0,0,0,0,0,0,0,0,0,0,0.125,0.625
1,8,1,12,0,0,0,0,0,0,0,0,0,0,0.16666666666666666,0.875
3,9,4,11,0,0,0,0,0,0,0,0,0,0,0.125,0.875
3,5,3,11,0,0,0,0,0,0,0,0,0,0,0.125,1.0
1,6,2,11,0,0,0,0,0,0,0,0,0,0,0.125,0.5
1,9,2,12,0,0,0,0,0,0,0,0,0,0,0.16666666666666666,0.875
1,11,1,2,0,0,0,0,0,0,0,0,0,0,0.16666666666666666,0.625
1,10,3,10,0,0,0,0,0,0,0,0,0,0,0.16666666666666666,0.875
3,2,4,13,0,0,0,0,0,0,0,0,0,0,0.16666666666666666,0.625
4,11,4,3,0,0,0,0,0,0,0,0,0,0,0.125,0.75
2,7,1,12,0,0,0,0,0,0,0,0,0,0,0.16666666666666666,0.625
1,11,4,4,0,0,0,0,0,0,0,0,0,0,0.125,0.75
3,8,2,8,0,0,0,0,0,0,0,0,0,0,0.125,0.375
4,5,1,3,0,0,0,0,0,0,0,0,0,0,0.14285714285714285,0.75
4,5,3,8,0,0,0,0,0,0,0,0,0,0,0.125,0.5
3,10,4,11,0,0,0,0,0,0,0,0,0,0,0.14285714285714285,0.625
4,9,3,14,2,2,3,4,1,11,0,0,0,0,0.125,1.0
3,9,3,5,1,12,1,8,3,3,0,0,0,0,0.05555555555555555,0.625
4,12,4,3,1,13,4,11,2,10,0,0,0,0,0.08333333333333333,1.0
2,5,4,12,2,9,4,13,1,8,0,0,0,0,0.05263157894736842,1.0
3,8,2,11,1,11,4,11,1,9,0,0,0,0,0.125,0.75
3,4,2,2,3,8,1,10,3,3,0,0,0,0,0.09090909090909091,1.0
4,10,1,13,2,2,4,11,1,12,0,0,0,0,0.1,0.8333333333333334
1,2,4,3,2,9,4,2,1,9,0,0,0,0,0.1,0.5
4,6,4,13,4,12,2,7,4,10,0,0,0,0,0.07692307692307693,0.5
2,5,2,14,3,8,2,3,3,5,0,0,0,0,0.06666666666666667,1.0
3,10,4,5,2,9,4,6,2,12,0,0,0,0,0.06666666666666667,0.875
2,13,2,12,2,2,4,7,3,4,0,0,0,0,0.09090909090909091,0.6666666666666666
1,12,4,5,1,7,3,6,4,9,0,0,0,0,0.05555555555555555,0.6666666666666666
1,5,4,14,2,4,4,11,3,5,0,0,0,0,0.05263157894736842,0.875
2,14,4,4,1,8,3,5,4,14,0,0,0,0,0.058823529411764705,1.0
1,10,1,11,2,10,2,11,4,5,0,0,0,0,0.0625,0.8571428571428571
2,6,2,12,4,11,1,10,1,14,0,0,0,0,0.07692307692307693,0.75
4,14,1,12,3,8,3,11,2,13,0,0,0,0,0.07692307692307693,1.0
4,8,4,7,3,7,3,5,1,9,0,0,0,0,0.058823529411764705,0.25
4,5,3,14,3,8,2,8,1,9,0,0,0,0,0.058823529411764705,0.42857142857142855
2,3,2,4,4,11,4,4,4,3,0,0,0,0,0.0625,1.0
3,3,2,14,1,12,2,3,3,5,0,0,0,0,0.05555555555555555,0.625
1,11,2,5,1,7,4,9,1,9,0,0,0,0,0.05,1.0
4,12,3,8,2,2,4,11,1,5,0,0,0,0,0.05,0.875
4,8,1,9,1,8,2,4,1,3,0,0,0,0,0.0625,0.42857142857142855
2,9,2,14,2,13,4,11,4,5,0,0,0,0,0.05263157894736842,0.5
2,7,1,12,1,9,1,13,4,12,0,0,0,0,0.05555555555555555,0.5
4,13,4,11,4,12,4,2,3,2,0,0,0,0,0.05555555555555555,0.4
2,2,1,3,2,11,1,2,1,14,0,0,0,0,0.06666666666666667,0.5
1,3,2,7,4,9,3,4,4,14,0,0,0,0,0.125,1.0
2,2,4,13,4,12,3,7,4,14,0,0,0,0,0.05263157894736842,1.0
2,7,3,6,1,13,4,9,2,2,0,0,0,0,0.0625,0.25
2,4,3,12,4,8,1,5,2,10,0,0,0,0,0.1111111111111111,1.0
2,2,3,4,4,3,4,13,4,10,0,0,0,0,0.07692307692307693,0.75
1,12,2,14,4,4,1,11,4,14,0,0,0,0,0.058823529411764705,0.75
1,5,4,7,4,11,3,2,2,2,0,0,0,0,0.058823529411764705,0.6
3,12,4,14,3,14,4,8,1,7,0,0,0,0,0.05555555555555555,1.0
3,2,3,3,1,14,4,9,1,7,0,0,0,0,0.06666666666666667,0.375
4,5,4,10,1,3,2,4,2,6,0,0,0,0,0.1111111111111111,0.6666666666666666
4,2,3,10,2,3,2,9,3,4,0,0,0,0,0.07692307692307693,1.0
1,11,4,14,4,9,4,8,2,14,0,0,0,0,0.1111111111111111,0.625
2,10,4,13,3,6,4,14,1,6,0,0,0,0,0.08333333333333333,0.7142857142857143
3,11,2,3,1,13,2,7,4,7,0,0,0,0,0.09090909090909091,1.0
1,5,2,8,3,4,2,14,3,3,0,0,0,0,0.09090909090909091,0.8333333333333334
3,9,1,7,4,5,4,8,3,5,0,0,0,0,0.058823529411764705,0.75
3,4,3,8,1,8,1,7,1,12,0,0,0,0,0.06666666666666667,0.875
4,7,2,6,2,3,1,14,3,3,0,0,0,0,0.09090909090909091,0.6666666666666666
1,12,4,6,3,11,4,2,2,12,0,0,0,0,0.125,0.6
2,8,4,3,4,7,3,2,4,9,0,0,0,0,0.125,0.4
3,4,2,6,4,9,2,12,2,4,0,0,0,0,0.058823529411764705,0.5714285714285714
3,8,3,9,2,3,1,12,3,6,0,0,0,0,0.125,0.75
2,2,1,13,2,8,3,3,2,3,0,0,0,0,0.058823529411764705,0.5
2,4,2,2,2,13,2,6,1,9,0,0,0,0,0.09090909090909091,0.875
1,7,1,2,2,6,3,7,3,5,0,0,0,0,0.05263157894736842,0.8571428571428571
1,14,1,7,1,11,2,6,4,14,0,0,0,0,0.06666666666666667,0.42857142857142855
3,12,4,8,1,9,1,4,2,4,0,0,0,0,0.0625,0.875
3,9,3,4,1,13,4,9,2,3,0,0,0,0,0.1,1.0
1,6,3,10,4,14,3,4,4,10,0,0,0,0,0.125,0.75
3,13,2,2,2,4,1,6,4,8,0,0,0,0,0.08333333333333333,0.875
2,3,4,12,2,8,1,12,4,11,0,0,0,0,0.05555555555555555,0.42857142857142855
2,5,3,14,2,2,4,9,1,7,0,0,0,0,0.06666666666666667,0.875
2,14,4,11,1,6,2,8,1,2,0,0,0,0,0.09090909090909091,0.375
1,12,4,14,4,3,1,9,1,5,0,0,0,0,0.09090909090909091,1.0
1,4,2,6,4,14,1,8,3,14,0,0,0,0,0.07142857142857142,1.0
4,12,1,8,1,3,2,8,3,5,0,0,0,0,0.08333333333333333,1.0
1,14,3,9,3,10,3,5,2,10,0,0,0,0,0.0625,1.0
4,6,1,14,3,7,3,10,1,10,0,0,0,0,0.05,0.375
4,12,1,4,2,2,4,3,3,14,0,0,0,0,0.1111111111111111,1.0
4,9,3,4,4,6,2,2,3,11,0,0,0,0,0.05,0.8571428571428571
1,4,4,7,1,5,3,5,2,2,0,0,0,0,0.05,1.0
2,5,2,11,2,12,4,10,1,10,0,0,0,0,0.1111111111111111,0.7142857142857143
1,4,1,2,4,3,2,6,1,6,0,0,0,0,0.125,0.875
3,5,1,2,4,10,1,4,2,5,0,0,0,0,0.06666666666666667,1.0
3,7,1,6,1,13,2,4,2,3,0,0,0,0,0.06666666666666667,0.875
4,11,3,7,3,9,3,3,1,8,0,0,0,0,0.08333333333333333,1.0
4,6,4,7,1,11,3,14,3,13,0,0,0,0,0.08333333333333333,1.0
1,5,1,3,4,12,1,12,1,14,0,0,0,0,0.0625,1.0
3,12,1,10,1,3,2,14,3,14,0,0,0,0,0.125,1.0
1,10,2,2,3,6,2,7,3,3,0,0,0,0,0.09090909090909091,1.0
3,6,1,6,3,5,4,5,1,10,0,0,0,0,0.05263157894736842,1.0
2,9,3,7,2,13,4,8,1,10,0,0,0,0,0.1,1.0
4,11,3,9,4,14,1,6,3,6,0,0,0,0,0.06666666666666667,0.75
2,8,4,11,1,4,2,3,2,2,0,0,0,0,0.1,1.0
3,10,1,6,3,3,1,2,4,13,0,0,0,0,0.058823529411764705,1.0
1,2,1,6,2,9,4,12,4,6,0,0,0,0,0.06666666666666667,0.875
4,4,3,5,1,8,3,13,3,10,0,0,0,0,0.0625,0.875
1,6,1,4,1,3,4,4,1,9,0,0,0,0,0.05263157894736842,0.2857142857142857
1,11,2,2,3,10,4,6,4,13,0,0,0,0,0.09090909090909091,0.875
2,2,4,14,1,7,2,9,1,4,0,0,0,0,0.07692307692307693,0.25
2,5,1,9,1,12,2,12,2,4,0,0,0,0,0.1111111111111111,1.0
1,10,3,6,4,10,3,8,1,14,0,0,0,0,0.07142857142857142,1.0
3,7,4,9,2,6,3,6,4,8,0,0,0,0,0.06666666666666667,0.6666666666666666
1,3,1,10,4,5,3,14,3,9,0,0,0,0,0.08333333333333333,1.0
3,6,3,13,2,13,2,6,1,9,0,0,0,0,0.1111111111111111,0.8571428571428571
2,8,1,11,3,3,2,11,1,2,0,0,0,0,0.05,1.0
3,4,1,14,1,12,2,5,4,10,0,0,0,0,0.08333333333333333,1.0
1,10,3,11,4,3,4,12,4,14,0,0,0,0,0.05263157894736842,1.0
2,10,2,12,3,14,2,9,2,5,0,0,0,0,0.05263157894736842,1.0
2,12,3,3,4,12,1,3,3,9,0,0,0,0,0.05,0.8
2,7,2,11,4,10,3,4,3,11,0,0,0,0,0.09090909090909091,1.0
1,5,2,13,1,11,2,11,1,12,4,9,0,0,0.1,0.5
2,7,1,5,4,7,3,14,4,11,2,4,0,0,0.1,0.5
1,12,2,13,2,11,1,9,1,2,3,11,0,0,0.04,1.0
2,14,2,11,4,5,1,8,4,6,1,6,0,0,0.07692307692307693,1.0
3,8,4,9,3,7,1,14,3,10,1,5,0,0,0.043478260869565216,1.0
2,7,4,14,2,5,2,6,1,5,4,4,0,0,0.06666666666666667,1.0
1,5,3,9,4,10,1,7,4,7,3,8,0,0,0.09090909090909091,0.5
1,5,3,11,3,10,3,9,2,9,1,12,0,0,0.0625,1.0
1,11,3,9,4,9,1,13,4,10,2,11,0,0,0.07142857142857142,0.7142857142857143
1,4,2,3,4,3,4,13,2,7,1,6,0,0,0.09090909090909091,1.0
1,12,4,7,1,11,4,10,3,3,2,12,0,0,0.058823529411764705,0.8571428571428571
4,4,4,14,1,14,2,10,3,11,4,13,0,0,0.1111111111111111,0.42857142857142855
3,5,4,2,1,5,2,3,4,10,1,11,0,0,0.09090909090909091,0.25
1,9,4,6,1,5,2,13,4,11,3,9,0,0,0.1,1.0
3,14,2,7,1,10,2,3,2,2,4,9,0,0,0.058823529411764705,0.5
3,8,2,2,2,13,4,8,2,8,3,9,0,0,0.09090909090909091,0.42857142857142855
4,3,3,6,2,11,2,6,4,8,2,14,0,0,0.125,0.7142857142857143
1,11,3,7,3,12,1,10,3,14,1,3,0,0,0.1,1.0
3,12,4,6,3,10,3,6,1,8,2,7,0,0,0.041666666666666664,1.0
3,9,2,3,3,13,3,4,3,12,1,4,0,0,0.09090909090909091,0.875
1,3,1,8,1,2,2,8,2,14,4,9,0,0,0.125,0.8333333333333334
1,6,3,5,3,7,4,12,3,8,1,14,0,0,0.1111111111111111,1.0
3,13,1,2,4,13,2,8,1,5,3,11,0,0,0.1111111111111111,1.0
4,14,4,7,2,10,1,7,2,11,2,4,0,0,0.045454545454545456,0.75
1,9,2,12,2,13,1,14,4,7,1,13,0,0,0.04,0.875
4,6,3,10,4,9,1,8,1,13,2,14,0,0,0.045454545454545456,1.0
2,5,2,7,3,3,4,11,2,8,2,11,0,0,0.07692307692307693,1.0
3,11,3,8,4,6,1,13,2,13,2,2,0,0,0.09090909090909091,1.0
1,5,1,4,1,2,2,12,4,6,1,10,0,0,0.1111111111111111,0.625
3,3,4,9,1,13,2,6,2,13,2,14,0,0,0.125,0.875
2,13,4,3,2,9,1,11,2,8,3,2,0,0,0.045454545454545456,0.625
2,8,1,10,3,5,1,4,2,9,3,13,0,0,0.07142857142857142,0.42857142857142855
2,12,3,9,2,3,4,8,2,14,1,7,0,0,0.05263157894736842,1.0
4,3,3,12,3,6,4,7,2,8,3,3,0,0,0.05263157894736842,0.5714285714285714
2,3,4,10,4,14,4,3,1,12,1,14,0,0,0.045454545454545456,1.0
1,7,4,10,2,2,4,4,1,5,2,11,0,0,0.07692307692307693,1.0
1,11,1,14,3,11,1,5,1,3,4,7,0,0,0.0625,1.0
3,9,3,11,4,4,3,4,4,14,1,12,0,0,0.1,0.5
2,10,1,3,4,10,1,9,4,2,3,5,0,0,0.1111111111111111,0.42857142857142855
4,12,3,6,3,5,4,13,3,2,2,13,0,0,0.08333333333333333,1.0
3,6,3,10,3,14,2,4,3,3,4,9,0,0,0.06666666666666667,0.875
2,6,4,9,3,10,1,9,2,2,1,10,0,0,0.07692307692307693,0.5
1,13,2,13,2,14,2,11,3,10,4,10,0,0,0.1,1.0
2,8,2,5,3,5,2,2,1,5,4,4,0,0,0.043478260869565216,0.4
3,3,2,13,1,11,1,13,4,11,4,7,0,0,0.09090909090909091,1.0
1,6,4,11,3,5,2,3,3,8,3,11,0,0,0.1111111111111111,1.0
2,13,3,4,3,14,1,11,1,5,4,3,0,0,0.04,0.5
2,14,3,11,4,4,4,11,3,12,2,7,0,0,0.08333333333333333,1.0
2,10,4,7,4,9,1,2,3,7,1,3,0,0,0.047619047619047616,0.5
4,3,2,9,3,6,3,13,4,9,4,6,0,0,0.041666666666666664,1.0
3,5,2,4,2,9,4,12,1,3,4,9,0,0,0.09090909090909091,1.0
3,14,2,4,4,10,1,7,3,3,2,11,0,0,0.058823529411764705,0.625
2,14,4,7,3,10,4,9,2,4,4,6,0,0,0.1111111111111111,1.0
3,9,4,4,3,12,1,13,3,6,2,11,0,0,0.1,0.8571428571428571
2,11,3,12,2,6,1,9,4,5,4,7,0,0,0.0625,0.8571428571428571
1,12,4,7,4,3,2,2,4,11,3,5,0,0,0.05555555555555555,0.5
2,4,1,5,3,7,4,12,4,4,1,2,0,0,0.125,1.0
2,3,4,13,4,7,2,7,3,8,2,4,0,0,0.1,0.5
3,12,2,4,2,5,1,8,2,13,2,8,0,0,0.045454545454545456,0.8571428571428571
2,12,3,12,1,4,2,6,1,11,1,13,0,0,0.041666666666666664,0.25
4,4,2,11,3,6,1,2,1,12,4,5,0,0,0.08333333333333333,1.0
1,8,2,3,3,12,2,8,4,4,4,6,0,0,0.045454545454545456,1.0
2,12,2,13,4,6,4,5,3,9,3,6,0,0,0.08333333333333333,0.625
2,11,3,4,2,10,1,14,2,4,3,6,0,0,0.04,1.0
3,13,3,11,4,11,1,8,4,13,2,5,0,0,0.125,0.7142857142857143
1,3,2,4,2,3,4,11,4,5,2,11,0,0,0.05,1.0
4,11,2,10,4,12,1,6,4,14,1,9,0,0,0.1,0.7142857142857143
2,12,4,2,4,4,3,10,1,9,2,8,0,0,0.0625,0.3333333333333333
1,4,4,8,1,3,4,13,4,3,3,12,0,0,0.06666666666666667,0.8571428571428571
2,6,3,8,1,3,1,10,2,3,3,13,0,0,0.07142857142857142,0.8
2,9,2,10,3,2,1,9,4,12,4,10,0,0,0.047619047619047616,0.625
3,13,3,9,3,8,2,14,4,11,2,6,0,0,0.043478260869565216,0.875
2,9,1,12,2,7,3,5,3,12,3,4,0,0,0.0625,1.0
4,8,1,7,3,14,4,9,1,6,2,9,0,0,0.047619047619047616,0.5714285714285714
3,14,1,12,1,13,3,10,2,12,2,6,0,0,0.05,0.7142857142857143
2,2,4,13,4,12,2,14,4,4,1,7,0,0,0.07692307692307693,0.625
4,3,3,7,1,14,2,3,4,7,4,11,0,0,0.07142857142857142,0.2857142857142857
1,3,3,5,3,11,2,10,3,3,1,14,0,0,0.058823529411764705,0.75
2,14,4,7,3,4,3,6,3,2,2,10,0,0,0.125,1.0
4,7,4,5,2,12,1,13,1,5,1,7,0,0,0.045454545454545456,1.0
2,12,2,11,3,14,4,5,1,2,1,7,0,0,0.1,0.75
3,8,1,9,4,9,2,11,3,11,4,6,0,0,0.07692307692307693,1.0
4,4,1,6,1,13,4,14,4,11,2,14,0,0,0.125,0.75
4,3,2,5,3,3,1,12,1,13,4,13,0,0,0.04,0.8333333333333334
3,4,3,6,3,11,4,2,4,9,3,7,0,0,0.06666666666666667,1.0
1,4,1,2,2,2,2,14,4,2,4,14,0,0,0.05263157894736842,0.375
2,2,2,7,1,3,4,9,3,13,3,10,0,0,0.043478260869565216,0.875
1,8,2,7,4,3,2,9,3,2,1,2,0,0,0.047619047619047616,1.0
3,8,3,7,2,11,2,9,2,10,3,13,0,0,0.07142857142857142,0.8571428571428571
1,12,1,9,4,10,1,6,3,12,2,9,0,0,0.04,1.0
1,8,2,9,2,10,1,14,4,9,2,2,0,0,0.1,0.875
3,11,4,5,2,4,3,13,2,5,4,13,0,0,0.05555555555555555,0.625
1,11,3,7,2,13,3,6,3,10,2,11,0,0,0.045454545454545456,0.875
1,13,2,12,3,4,1,9,2,2,4,14,0,0,0.0625,1.0
1,10,1,5,4,6,4,13,3,3,3,10,0,0,0.047619047619047616,1.0
3,7,3,4,3,8,2,10,1,11,4,4,0,0,0.058823529411764705,0.6666666666666666
4,2,2,7,2,4,3,4,1,11,1,7,0,0,0.09090909090909091,0.875
2,3,1,12,1,2,4,14,3,7,1,10,0,0,0.045454545454545456,0.42857142857142855
4,5,4,10,1,6,2,10,3,14,1,10,0,0,0.09090909090909091,0.42857142857142855
3,7,4,6,4,9,3,10,3,5,3,11,0,0,0.07692307692307693,1.0
1,11,2,8,1,14,3,11,1,12,3,10,4,12,0.05555555555555555,0.5714285714285714
4,12,4,6,4,3,1,13,2,13,1,12,3,13,0.058823529411764705,0.25
3,10,4,10,2,2,1,14,3,8,1,13,4,9,0.05263157894736842,0.8571428571428571
2,14,1,2,4,10,4,4,2,9,2,7,1,6,0.043478260869565216,0.75
2,13,3,12,1,13,4,4,4,12,1,8,4,10,0.07692307692307693,1.0
3,12,4,14,2,14,1,12,3,2,1,7,2,5,0.05555555555555555,0.625
3,3,4,11,3,7,1,11,1,13,1,2,1,7,0.047619047619047616,0.2857142857142857
1,11,4,6,1,6,4,5,2,11,2,3,4,2,0.0625,0.8
4,12,2,7,2,8,2,12,3,8,1,4,1,11,0.037037037037037035,0.4
4,11,4,8,2,13,1,9,2,12,2,9,2,4,0.04,0.75
3,8,2,5,2,9,3,3,3,14,4,5,1,9,0.06666666666666667,1.0
1,10,1,7,3,9,1,2,1,11,1,5,2,6,0.125,1.0
3,8,2,12,3,2,2,10,2,7,4,8,4,7,0.07142857142857142,0.2857142857142857
1,14,2,4,4,7,2,7,4,11,3,13,4,14,0.07142857142857142,0.75
3,7,1,5,1,14,1,4,2,6,2,14,3,2,0.05555555555555555,1.0
1,9,2,10,1,8,2,14,3,6,4,10,4,9,0.037037037037037035,0.7142857142857143
3,5,4,10,1,2,1,5,3,10,1,14,2,4,0.058823529411764705,0.8
1,9,1,7,1,3,4,2,4,7,1,8,2,8,0.125,0.5
3,2,4,11,4,14,2,13,4,6,4,10,1,8,0.0625,1.0
1,14,4,5,4,6,4,9,2,9,2,4,3,5,0.09090909090909091,0.625
4,6,4,10,3,3,4,8,1,9,3,4,1,2,0.1111111111111111,0.5
4,12,2,9,1,9,2,11,4,7,2,14,4,6,0.08333333333333333,1.0
2,5,1,7,4,10,2,7,3,4,4,2,1,11,0.06666666666666667,0.6666666666666666
3,11,2,10,2,2,4,10,1,13,1,9,2,9,0.047619047619047616,0.5
1,10,2,11,3,3,3,6,4,13,4,4,1,12,0.06666666666666667,0.5
4,3,1,11,1,5,2,5,2,12,4,9,4,13,0.04,1.0
3,12,1,2,4,7,4,5,4,14,3,2,4,8,0.047619047619047616,0.75
4,14,1,14,4,12,2,14,2,3,1,3,1,13,0.08333333333333333,0.25
1,10,1,3,4,13,2,9,4,3,2,3,3,7,0.05,0.7142857142857143
1,11,4,5,3,14,3,12,4,7,2,11,4,12,0.058823529411764705,0.875
1,5,4,7,4,10,1,9,3,12,4,14,4,8,0.045454545454545456,0.5714285714285714
2,6,4,8,3,12,1,7,4,6,4,9,4,7,0.045454545454545456,1.0
1,13,1,9,1,4,3,3,3,8,2,7,4,2,0.041666666666666664,1.0
1,10,3,14,4,7,4,11,2,11,3,12,3,10,0.043478260869565216,0.75
4,7,4,3,3,4,4,6,3,12,2,11,3,6,0.06666666666666667,0.25
3,5,2,5,4,10,2,9,4,5,1,14,4,7,0.043478260869565216,0.8
4,12,4,11,3,12,1,11,1,4,2,14,4,4,0.05263157894736842,0.3333333333333333
4,6,4,14,4,7,1,13,1,7,1,3,1,14,0.037037037037037035,0.8571428571428571
3,3,2,14,2,7,1,10,4,3,2,3,3,7,0.06666666666666667,0.75
3,12,3,13,2,2,3,8,1,2,4,11,4,10,0.043478260869565216,1.0
3,3,3,2,2,12,4,2,1,7,4,3,1,10,0.037037037037037035,1.0
4,11,3,9,3,2,1,5,2,5,3,14,2,7,0.06666666666666667,1.0
2,4,4,2,3,6,4,7,3,9,4,5,1,4,0.038461538461538464,0.8
3,5,3,12,3,4,2,7,1,2,3,8,2,6,0.08333333333333333,0.875
1,10,2,9,4,2,2,3,4,7,2,12,1,14,0.045454545454545456,0.375
2,6,3,13,1,2,3,8,4,5,4,13,2,5,0.06666666666666667,0.4
4,13,4,12,3,6,4,11,4,2,1,9,2,9,0.041666666666666664,0.8571428571428571
2,6,3,12,2,14,1,13,2,2,1,8,1,2,0.09090909090909091,0.3333333333333333
4,7,2,10,2,14,3,11,1,4,2,3,4,6,0.04,0.375
4,4,4,11,1,9,4,2,3,11,3,13,4,9,0.05555555555555555,1.0
4,10,2,3,2,4,3,11,3,6,1,13,4,11,0.05,1.0
3,9,1,4,1,7,2,12,2,13,3,8,4,8,0.043478260869565216,0.3333333333333333
4,11,3,9,3,2,2,7,1,7,1,6,4,3,0.047619047619047616,1.0
3,14,3,8,4,14,3,9,4,6,2,4,2,13,0.04,0.75
2,12,2,13,2,6,4,5,3,4,3,14,1,13,0.08333333333333333,0.7142857142857143
3,5,2,7,3,4,1,7,4,14,2,13,4,8,0.0625,1.0
3,11,4,4,3,7,2,2,4,2,1,11,2,11,0.08333333333333333,0.875
4,3,2,6,4,11,3,9,4,6,1,9,3,7,0.1111111111111111,0.875
1,3,2,12,3,12,4,13,3,14,2,13,1,5,0.05,1.0
4,12,1,12,4,7,1,5,3,10,4,5,3,12,0.1,1.0
3,13,4,5,3,4,3,7,4,6,2,14,2,2,0.06666666666666667,0.5714285714285714
3,9,4,10,2,7,3,11,1,3,1,10,4,14,0.05,1.0
1,13,4,12,2,9,3,11,2,11,2,13,2,3,0.041666666666666664,1.0
3,9,4,2,1,13,4,13,3,6,4,7,3,2,0.07692307692307693,0.8333333333333334
1,13,3,13,3,12,1,9,4,4,1,11,4,13,0.07142857142857142,0.25
4,7,1,5,1,9,1,11,2,4,1,6,2,12,0.07142857142857142,0.6666666666666666
2,10,4,8,2,8,1,5,2,14,3,13,3,12,0.0625,0.625
1,2,4,4,4,8,2,14,3,12,1,5,1,7,0.06666666666666667,0.5
1,7,2,14,4,12,2,3,1,11,3,5,2,8,0.047619047619047616,1.0
1,13,4,4,2,5,4,14,3,8,4,11,1,11,0.1111111111111111,1.0
4,13,2,9,2,12,3,13,3,5,4,7,1,14,0.1111111111111111,0.875
1,6,1,5,2,3,4,12,3,14,1,10,2,13,0.1111111111111111,1.0
1,12,2,7,2,12,3,4,1,6,2,14,4,10,0.05555555555555555,0.4
3,7,3,5,4,3,1,7,3,8,3,13,4,10,0.05263157894736842,1.0
2,11,4,8,4,6,2,5,3,3,1,13,4,13,0.05555555555555555,1.0
1,14,3,14,4,11,3,9,4,2,1,9,3,13,0.038461538461538464,1.0
4,13,1,6,4,7,3,3,3,10,3,9,3,8,0.125,0.875
2,6,2,12,2,10,1,6,3,3,3,12,1,7,0.041666666666666664,0.8
4,3,1,3,3,11,2,11,3,2,1,12,4,14,0.09090909090909091,0.6
2,3,2,4,3,5,2,12,2,5,4,9,2,13,0.038461538461538464,0.6
3,3,1,8,2,2,4,12,3,11,4,10,3,5,0.08333333333333333,0.8571428571428571
2,8,1,11,1,12,2,6,4,3,3,13,3,9,0.04,0.6666666666666666
3,5,1,6,2,14,4,2,3,10,1,12,3,2,0.045454545454545456,1.0
2,4,4,6,1,6,4,12,4,11,4,14,3,7,0.08333333333333333,1.0
3,11,3,7,1,14,3,8,4,11,2,5,2,3,0.04,1.0
4,10,3,5,2,6,4,7,2,13,2,4,3,7,0.038461538461538464,0.8
2,11,4,14,1,2,2,14,4,2,1,9,2,5,0.058823529411764705,1.0
1,5,1,4,1,2,2,13,4,5,3,9,3,14,0.045454545454545456,1.0
3,7,3,8,4,2,2,4,2,9,3,14,1,12,0.1,0.75
3,2,1,12,4,13,1,10,4,3,4,4,1,11,0.07142857142857142,1.0
4,12,1,9,2,6,2,3,2,10,2,5,1,8,0.1111111111111111,0.8
4,5,1,8,3,3,4,10,2,9,4,12,1,6,0.047619047619047616,1.0
1,14,4,13,1,12,2,13,1,11,3,4,3,5,0.05555555555555555,1.0
3,5,1,11,1,14,3,11,4,14,3,2,2,5,0.058823529411764705,0.5714285714285714
3,10,4,5,4,6,3,2,1,9,3,3,3,8,0.05263157894736842,0.5714285714285714
1,3,3,6,4,13,4,14,3,3,1,5,4,7,0.0625,0.875
2,9,1,3,3,6,3,3,4,4,1,2,4,10,0.041666666666666664,0.875
3,2,3,7,4,14,1,6,4,13,2,9,4,6,0.045454545454545456,1.0
4,9,1,7,3,8,2,10,2,9,3,2,4,7,0.07142857142857142,1.0
2,14,2,9,3,9,4,11,3,14,2,3,4,3,0.05,1.0
4,10,3,14,0,0,0,0,0,0,0,0,0,0,0.16666666666666666,0.625
1,2,2,5,0,0,0,0,0,0,0,0,0,0,0.14285714285714285,0.75
3,9,4,12,0,0,0,0,0,0,0,0,0,0,0.16666666666666666,0.875
1,6,4,7,0,0,0,0,0,0,0,0,0,0,0.14285714285714285,0.75
2,3,2,6,0,0,0,0,0,0,0,0,0,0,0.16666666666666666,0.5
4,13,1,9,0,0,0,0,0,0,0,0,0,0,0.14285714285714285,0.25
1,5,4,3,0,0,0,0,0,0,0,0,0,0,0.16666666666666666,0.625
1,9,3,2,0,0,0,0,0,0,0,0,0,0,0.16666666666666666,1.0
4,5,3,14,0,0,0,0,0,0,0,0,0,0,0.16666666666666666,1.0
4,8,3,5,0,0,0,0,0,0,0,0,0,0,0.16666666666666666,0.875
2,6,2,9,0,0,0,0,0,0,0,0,0,0,0.14285714285714285,1.0
4,6,2,4,0,0,0,0,0,0,0,0,0,0,0.125,0.625
1,9,4,3,0,0,0,0,0,0,0,0,0,0,0.14285714285714285,0.75
4,6,4,14,0,0,0,0,0,0,0,0,0,0,0.16666666666666666,0.625
3,5,1,10,0,0,0,0,0,0,0,0,0,0,0.16666666666666666,0.875
2,4,4,11,0,0,0,0,0,0,0,0,0,0,0.125,0.375
3,12,3,7,0,0,0,0,0,0,0,0,0,0,0.16666666666666666,1.0
3,5,1,7,0,0,0,0,0,0,0,0,0,0,0.14285714285714285,0.5
2,12,1,6,0,0,0,0,0,0,0,0,0,0,0.125,0.375
3,12,2,13,0,0,0,0,0,0,0,0,0,0,0.16666666666666666,0.25
3,14,2,13,0,0,0,0,0,0,0,0,0,0,0.14285714285714285,0.5
1,14,3,10,0,0,0,0,0,0,0,0,0,0,0.16666666666666666,0.875
3,7,4,7,0,0,0,0,0,0,0,0,0,0,0.14285714285714285,0.5
1,14,3,13,0,0,0,0,0,0,0,0,0,0,0.16666666666666666,0.375
1,7,2,11,0,0,0,0,0,0,0,0,0,0,0.16666666666666666,0.5
1,10,4,13,0,0,0,0,0,0,0,0,0,0,0.14285714285714285,0.875
4,7,2,10,0,0,0,0,0,0,0,0,0,0,0.125,0.5
2,3,1,13,0,0,0,0,0,0,0,0,0,0,0.14285714285714285,0.625
1,8,2,3,0,0,0,0,0,0,0,0,0,0,0.14285714285714285,0.5
1,2,1,5,0,0,0,0,0,0,0,0,0,0,0.14285714285714285,0.5
3,11,3,14,0,0,0,0,0,0,0,0,0,0,0.125,0.375
1,10,1,8,0,0,0,0,0,0,0,0,0,0,0.125,0.875
1,5,1,10,0,0,0,0,0,0,0,0,0,0,0.16666666666666666,0.25
3,10,2,11,0,0,0,0,0,0,0,0,0,0,0.125,0.75
1,11,3,3,0,0,0,0,0,0,0,0,0,0,0.16666666666666666,1.0
1,14,2,5,0,0,0,0,0,0,0,0,0,0,0.16666666666666666,0.75
3,8,4,3,0,0,0,0,0,0,0,0,0,0,0.14285714285714285,0.875
4,13,1,11,0,0,0,0,0,0,0,0,0,0,0.125,0.625
3,14,2,9,0,0,0,0,0,0,0,0,0,0,0.16666666666666666,0.875
2,8,2,10,0,0,0,0,0,0,0,0,0,0,0.125,1.0
4,8,2,9,0,0,0,0,0,0,0,0,0,0,0.125,0.5
4,4,2,8,0,0,0,0,0,0,0,0,0,0,0.16666666666666666,0.875
1,4,1,12,0,0,0,0,0,0,0,0,0,0,0.125,0.625
2,7,3,2,0,0,0,0,0,0,0,0,0,0,0.16666666666666666,0.25
1,3,1,8,0,0,0,0,0,0,0,0,0,0,0.125,0.875
1,10,2,10,0,0,0,0,0,0,0,0,0,0,0.14285714285714285,0.75
2,8,1,13,0,0,0,0,0,0,0,0,0,0,0.125,0.875
1,9,2,3,0,0,0,0,0,0,0,0,0,0,0.125,0.375
3,5,1,9,0,0,0,0,0,0,0,0,0,0,0.16666666666666666,0.625
4,5,2,13,0,0,0,0,0,0,0,0,0,0,0.16666666666666666,0.625
3,9,1,2,0,0,0,0,0,0,0,0,0,0,0.16666666666666666,0.25
4,10,1,12,0,0,0,0,0,0,0,0,0,0,0.14285714285714285,1.0
4,12,3,6,0,0,0,0,0,0,0,0,0,0,0.125,1.0
3,4,3,14,0,0,0,0,0,0,0,0,0,0,0.16666666666666666,0.625
3,5,4,5,0,0,0,0,0,0,0,0,0,0,0.14285714285714285,1.0
2,6,1,12,0,0,0,0,0,0,0,0,0,0,0.14285714285714285,0.75
1,14,4,11,0,0,0,0,0,0,0,0,0,0,0.125,0.625
1,9,4,9,0,0,0,0,0,0,0,0,0,0,0.16666666666666666,0.875
4,3,2,9,0,0,0,0,0,0,0,0,0,0,0.125,0.25
1,7,1,11,0,0,0,0,0,0,0,0,0,0,0.16666666666666666,0.5
3,3,1,2,0,0,0,0,0,0,0,0,0,0,0.125,1.0
4,10,1,2,0,0,0,0,0,0,0,0,0,0,0.16666666666666666,0.625
2,11,4,3,0,0,0,0,0,0,0,0,0,0,0.125,0.625
4,6,1,11,0,0,0,0,0,0,0,0,0,0,0.125,0.875
4,6,2,10,0,0,0,0,0,0,0,0,0,0,0.16666666666666666,0.25
2,11,4,10,0,0,0,0,0,0,0,0,0,0,0.14285714285714285,0.25
1,6,4,10,0,0,0,0,0,0,0,0,0,0,0.14285714285714285,1.0
4,11,4,8,0,0,0,0,0,0,0,0,0,0,0.14285714285714285,0.875
3,4,1,10,0,0,0,0,0,0,0,0,0,0,0.14285714285714285,0.375
4,4,3,6,0,0,0,0,0,0,0,0,0,0,0.125,0.5
3,6,3,5,0,0,0,0,0,0,0,0,0,0,0.14285714285714285,0.75
3,9,4,5,0,0,0,0,0,0,0,0,0,0,0.16666666666666666,1.0
1,3,4,12,0,0,0,0,0,0,0,0,0,0,0.16666666666666666,0.875
3,7,4,14,0,0,0,0,0,0,0,0,0,0,0.14285714285714285,0.75
1,8,1,6,0,0,0,0,0,0,0,0,0,0,0.16666666666666666,0.25
2,14,4,6,0,0,0,0,0,0,0,0,0,0,0.14285714285714285,0.75
4,3,2,5,0,0,0,0,0,0,0,0,0,0,0.125,0.75
2,6,2,2,0,0,0,0,0,0,0,0,0,0,0.125,0.875
1,10,4,6,0,0,0,0,0,0,0,0,0,0,0.14285714285714285,1.0
4,8,3,14,0,0,0,0,0,0,0,0,0,0,0.16666666666666666,0.625
4,6,2,5,0,0,0,0,0,0,0,0,0,0,0.16666666666666666,0.375
2,8,3,11,0,0,0,0,0,0,0,0,0,0,0.14285714285714285,0.625
1,9,3,6,0,0,0,0,0,0,0,0,0,0,0.125,0.5
4,14,4,2,0,0,0,0,0,0,0,0,0,0,0.16666666666666666,0.75
1,9,2,6,0,0,0,0,0,0,0,0,0,0,0.14285714285714285,1.0
2,9,4,9,0,0,0,0,0,0,0,0,0,0,0.125,0.25
1,8,2,3,0,0,0,0,0,0,0,0,0,0,0.125,1.0
1,7,4,6,0,0,0,0,0,0,0,0,0,0,0.14285714285714285,0.875
3,8,3,5,0,0,0,0,0,0,0,0,0,0,0.16666666666666666,0.375
1,5,3,3,0,0,0,0,0,0,0,0,0,0,0.16666666666666666,0.875
2,5,3,12,0,0,0,0,0,0,0,0,0,0,0.16666666666666666,0.375
4,6,2,2,0,0,0,0,0,0,0,0,0,0,0.14285714285714285,0.5
2,8,4,5,0,0,0,0,0,0,0,0,0,0,0.14285714285714285,0.875
3,7,4,7,0,0,0,0,0,0,0,0,0,0,0.125,0.75
3,10,1,10,0,0,0,0,0,0,0,0,0,0,0.14285714285714285,0.75
4,7,3,5,0,0,0,0,0,0,0,0,0,0,0.125,0.25
3,12,3,8,0,0,0,0,0,0,0,0,0,0,0.16666666666666666,1.0
3,9,3,13,0,0,0,0,0,0,0,0,0,0,0.14285714285714285,0.25
4,12,4,9,0,0,0,0,0,0,0,0,0,0,0.16666666666666666,1.0
1,11,4,12,0,0,0,0,0,0,0,0,0,0,0.14285714285714285,0.375
3,14,1,10,2,12,2,8,3,10,0,0,0,0,0.1111111111111111,0.6
4,10,4,11,1,10,2,3,3,6,0,0,0,0,0.05,0.5
1,6,1,12,1,2,2,2,3,11,0,0,0,0,0.125,1.0
1,8,2,6,3,5,1,10,3,13,0,0,0,0,0.05263157894736842,0.8571428571428571
4,14,3,6,3,8,1,8,4,12,0,0,0,0,0.07142857142857142,0.5
2,13,2,4,3,2,3,9,4,2,0,0,0,0,0.1111111111111111,1.0
1,12,4,10,3,3,3,10,3,6,0,0,0,0,0.1,0.6666666666666666
2,11,1,11,4,10,3,8,3,3,0,0,0,0,0.05,0.5
2,13,3,7,3,4,2,5,4,11,0,0,0,0,0.09090909090909091,0.875
3,7,1,12,2,6,4,2,4,3,0,0,0,0,0.05,0.2857142857142857
4,14,3,2,4,2,2,3,1,11,0,0,0,0,0.058823529411764705,1.0
3,7,3,5,3,2,3,8,1,12,0,0,0,0,0.125,0.42857142857142855
3,10,3,7,3,14,2,9,2,6,0,0,0,0,0.05,0.5
3,14,4,5,2,6,3,6,3,12,0,0,0,0,0.0625,0.6666666666666666
3,8,2,8,1,3,1,5,2,9,0,0,0,0,0.07142857142857142,0.875
4,6,3,14,1,5,3,10,4,12,0,0,0,0,0.05,1.0
3,14,4,10,4,11,3,7,2,10,0,0,0,0,0.08333333333333333,1.0
2,2,4,12,3,13,2,7,3,7,0,0,0,0,0.07142857142857142,0.625
2,4,1,4,1,2,3,12,2,3,0,0,0,0,0.0625,0.8333333333333334
3,13,4,9,3,3,2,10,2,14,0,0,0,0,0.1111111111111111,1.0
3,4,1,6,3,6,4,13,1,10,0,0,0,0,0.125,0.5
2,13,2,8,4,3,1,5,3,9,0,0,0,0,0.06666666666666667,0.875
2,3,3,12,3,3,1,2,1,3,0,0,0,0,0.09090909090909091,0.5
3,6,3,2,2,2,2,7,2,8,0,0,0,0,0.08333333333333333,1.0
1,9,3,12,3,14,3,3,1,11,0,0,0,0,0.058823529411764705,0.375
2,7,4,10,2,3,1,11,2,12,0,0,0,0,0.0625,1.0
2,3,1,10,2,4,1,11,3,5,0,0,0,0,0.05555555555555555,0.5
1,7,2,7,1,10,3,8,2,14,0,0,0,0,0.07142857142857142,1.0
4,5,2,5,1,13,4,6,4,8,0,0,0,0,0.07142857142857142,0.375
2,6,2,14,1,2,1,9,2,2,0,0,0,0,0.07142857142857142,1.0
3,7,2,5,1,6,3,5,2,7,0,0,0,0,0.1,1.0
2,12,1,4,3,6,3,12,3,3,0,0,0,0,0.1,1.0
1,7,1,14,1,6,4,7,3,14,0,0,0,0,0.09090909090909091,1.0
2,9,3,5,3,4,3,14,1,7,0,0,0,0,0.125,0.875
1,5,4,14,2,9,4,2,4,7,0,0,0,0,0.0625,1.0
1,6,4,10,1,4,4,11,1,9,0,0,0,0,0.1111111111111111,0.5
1,7,1,14,3,11,3,10,4,13,0,0,0,0,0.08333333333333333,0.7142857142857143
3,5,4,3,1,5,1,4,4,10,0,0,0,0,0.05555555555555555,0.4
4,4,4,14,2,8,3,4,1,13,0,0,0,0,0.1111111111111111,0.75
1,2,1,7,3,13,3,7,2,3,0,0,0,0,0.09090909090909091,1.0
1,5,2,7,2,5,1,3,4,11,0,0,0,0,0.05555555555555555,1.0
2,11,4,12,2,5,1,10,2,14,0,0,0,0,0.07692307692307693,1.0
2,7,4,10,1,2,1,8,1,13,0,0,0,0,0.08333333333333333,1.0
4,3,2,14,3,9,4,11,2,10,0,0,0,0,0.0625,0.625
2,2,1,7,3,4,3,12,1,10,0,0,0,0,0.07142857142857142,0.875
1,2,4,14,3,14,3,13,1,12,0,0,0,0,0.05555555555555555,1.0
2,9,2,13,4,9,3,7,3,13,0,0,0,0,0.05,0.7142857142857143
4,7,1,11,1,13,2,8,4,12,0,0,0,0,0.0625,1.0
4,3,3,9,3,2,3,6,1,12,0,0,0,0,0.1,0.625
2,12,1,8,4,2,1,12,3,7,0,0,0,0,0.07142857142857142,0.6666666666666666
1,4,3,10,3,5,2,3,1,8,0,0,0,0,0.07692307692307693,0.5
2,13,1,4,3,9,4,7,2,11,0,0,0,0,0.06666666666666667,0.4
4,9,1,10,1,3,3,9,4,5,0,0,0,0,0.05,0.8571428571428571
4,3,3,5,4,2,1,8,1,2,0,0,0,0,0.07142857142857142,0.875
2,9,3,2,3,10,4,8,4,6,0,0,0,0,0.058823529411764705,1.0
4,8,1,2,4,12,1,10,4,11,0,0,0,0,0.08333333333333333,1.0
1,3,4,5,2,13,1,13,3,10,0,0,0,0,0.058823529411764705,0.875
4,2,3,6,4,11,4,9,1,13,0,0,0,0,0.1111111111111111,0.75
3,4,3,2,1,7,4,3,1,10,0,0,0,0,0.125,0.8571428571428571
1,13,1,5,4,14,4,3,2,14,0,0,0,0,0.07142857142857142,0.2857142857142857
3,11,2,14,2,5,4,12,2,9,0,0,0,0,0.09090909090909091,0.8333333333333334
4,12,4,5,2,3,1,2,1,5,0,0,0,0,0.125,0.2857142857142857
3,4,4,12,1,13,2,9,3,7,0,0,0,0,0.06666666666666667,0.5
3,10,2,9,4,13,4,12,1,9,0,0,0,0,0.1,1.0
2,7,3,10,3,9,4,9,4,5,0,0,0,0,0.07692307692307693,0.5
4,6,2,11,1,5,3,9,4,3,0,0,0,0,0.06666666666666667,0.625
2,12,1,11,3,3,1,3,3,2,0,0,0,0,0.0625,0.875
3,7,4,5,3,13,3,9,3,3,0,0,0,0,0.08333333333333333,0.5714285714285714
4,14,4,7,1,5,2,14,2,13,0,0,0,0,0.07142857142857142,1.0
2,12,1,6,3,5,1,11,4,14,0,0,0,0,0.09090909090909091,1.0
1,3,3,5,2,8,2,7,3,2,0,0,0,0,0.058823529411764705,0.4
4,6,1,12,3,14,2,5,2,3,0,0,0,0,0.05555555555555555,0.42857142857142855
4,5,3,7,2,12,1,3,2,14,0,0,0,0,0.05263157894736842,1.0
2,2,2,6,3,4,1,5,3,6,0,0,0,0,0.0625,0.6666666666666666
4,14,2,12,1,11,4,12,2,7,0,0,0,0,0.06666666666666667,0.2857142857142857
3,11,2,4,1,14,2,7,3,13,0,0,0,0,0.1,0.875
3,12,2,4,1,5,3,8,2,13,0,0,0,0,0.058823529411764705,0.5
1,6,1,12,2,8,3,10,4,2,0,0,0,0,0.058823529411764705,0.8
2,6,3,14,4,11,1,9,4,10,0,0,0,0,0.1111111111111111,0.875
3,11,3,9,2,12,2,7,4,6,0,0,0,0,0.1111111111111111,1.0
1,4,3,13,2,12,4,5,2,13,0,0,0,0,0.1111111111111111,1.0
4,11,3,14,3,12,3,4,2,7,0,0,0,0,0.07142857142857142,0.7142857142857143
1,12,1,3,3,12,1,8,1,11,0,0,0,0,0.05,0.5714285714285714
2,12,3,2,1,4,4,13,2,7,0,0,0,0,0.05555555555555555,1.0
1,6,1,13,1,2,1,9,1,10,0,0,0,0,0.08333333333333333,0.6
1,11,3,8,3,12,2,13,4,4,0,0,0,0,0.1111111111111111,0.8571428571428571
3,4,3,9,1,10,4,2,2,2,0,0,0,0,0.05263157894736842,0.875
1,4,4,12,2,5,2,13,4,10,0,0,0,0,0.1,0.375
2,11,4,12,2,6,3,13,1,14,0,0,0,0,0.05555555555555555,0.42857142857142855
1,4,1,13,1,14,1,3,3,3,0,0,0,0,0.07692307692307693,1.0
1,5,1,6,4,12,3,12,4,4,0,0,0,0,0.058823529411764705,1.0
4,8,2,2,3,2,1,5,1,6,0,0,0,0,0.09090909090909091,1.0
4,12,1,11,4,7,1,12,4,9,0,0,0,0,0.07692307692307693,0.5
2,11,1,10,2,10,3,4,4,10,0,0,0,0,0.06666666666666667,1.0
1,7,4,9,1,11,4,8,1,5,0,0,0,0,0.09090909090909091,0.625
4,5,3,5,2,6,3,11,2,8,0,0,0,0,0.058823529411764705,0.8571428571428571
1,3,2,6,3,6,3,5,2,10,0,0,0,0,0.05555555555555555,0.4
1,7,2,4,1,6,2,2,2,3,0,0,0,0,0.07142857142857142,0.4
3,2,2,6,4,5,1,9,3,13,0,0,0,0,0.07692307692307693,1.0
4,11,4,9,4,10,4,12,1,6,0,0,0,0,0.05,1.0
2,4,3,7,2,12,1,7,1,11,3,4,0,0,0.07692307692307693,0.42857142857142855
3,10,1,8,4,4,2,4,1,9,4,6,0,0,0.07142857142857142,1.0
3,9,1,13,2,2,3,12,1,10,3,13,0,0,0.0625,1.0
3,6,3,9,2,5,2,7,1,9,2,4,0,0,0.1,0.5
2,10,4,9,1,11,4,5,3,5,4,3,0,0,0.1,1.0
1,9,4,7,1,5,4,10,4,8,2,6,0,0,0.058823529411764705,0.5
1,3,2,3,3,14,1,4,1,8,2,10,0,0,0.07142857142857142,0.375
1,2,2,8,4,9,4,3,3,14,3,5,0,0,0.09090909090909091,0.75
3,11,2,6,4,3,1,14,1,11,4,2,0,0,0.05263157894736842,1.0
4,8,3,4,3,2,1,13,2,6,1,7,0,0,0.06666666666666667,0.625
4,9,4,13,2,9,3,12,4,8,3,7,0,0,0.09090909090909091,0.875
1,13,2,6,2,14,2,5,1,9,4,11,0,0,0.125,1.0
3,14,2,12,1,2,3,7,3,6,1,6,0,0,0.047619047619047616,0.5
3,2,4,14,4,3,4,13,3,4,4,11,0,0,0.041666666666666664,0.625
3,10,4,13,4,7,2,4,1,3,2,3,0,0,0.125,1.0
3,9,1,8,1,11,4,14,3,13,3,11,0,0,0.125,0.5714285714285714
2,12,2,7,1,4,2,11,1,11,1,5,0,0,0.043478260869565216,0.8571428571428571
3,12,4,6,1,6,3,8,1,9,2,4,0,0,0.0625,0.42857142857142855
2,13,2,2,1,3,2,5,2,10,3,4,0,0,0.125,1.0
4,12,2,2,4,5,2,8,2,10,4,10,0,0,0.07692307692307693,0.7142857142857143
2,12,2,5,4,2,3,2,4,6,4,9,0,0,0.125,0.375
1,4,3,6,1,6,3,12,4,3,2,3,0,0,0.043478260869565216,1.0
4,7,2,11,2,8,2,3,1,4,4,4,0,0,0.058823529411764705,0.875
4,12,3,2,2,10,4,9,2,3,3,11,0,0,0.043478260869565216,0.375
2,12,1,2,2,14,2,5,3,3,1,3,0,0,0.1,0.75
2,3,2,2,3,9,4,10,1,14,3,3,0,0,0.058823529411764705,1.0
1,10,2,3,2,14,4,11,1,14,2,6,0,0,0.05555555555555555,1.0
3,4,2,4,2,12,4,7,4,12,2,9,0,0,0.041666666666666664,1.0
4,4,2,14,3,8,3,3,1,6,4,2,0,0,0.041666666666666664,0.875
2,8,3,5,4,7,3,13,1,10,1,8,0,0,0.08333333333333333,1.0
1,12,3,10,4,8,4,7,1,5,2,2,0,0,0.1,1.0
2,10,1,2,2,2,3,7,4,2,2,14,0,0,0.07142857142857142,0.8571428571428571
4,6,3,12,2,9,4,14,3,13,1,7,0,0,0.05263157894736842,1.0
4,6,2,8,2,12,4,11,3,2,3,11,0,0,0.058823529411764705,0.6666666666666666
1,3,3,12,4,6,2,13,2,5,3,6,0,0,0.047619047619047616,0.75
4,10,4,13,1,13,2,7,2,2,3,10,0,0,0.043478260869565216,0.875
2,11,2,9,3,2,4,14,4,12,3,4,0,0,0.1,1.0
4,9,4,5,3,11,2,11,4,12,3,3,0,0,0.045454545454545456,0.75
1,11,1,4,3,13,1,8,2,2,2,7,0,0,0.09090909090909091,0.625
1,7,4,7,4,10,4,2,2,14,4,3,0,0,0.05,0.75
1,5,3,12,4,8,4,11,4,12,4,5,0,0,0.047619047619047616,1.0
2,13,4,8,2,8,1,3,2,4,3,10,0,0,0.05263157894736842,0.7142857142857143
3,4,3,7,2,8,2,9,2,7,2,5,0,0,0.041666666666666664,0.875
3,11,4,14,3,6,2,14,1,2,1,10,0,0,0.05555555555555555,0.6666666666666666
1,3,2,4,4,13,4,6,4,11,3,12,0,0,0.08333333333333333,0.875
4,10,1,8,4,5,4,6,3,3,2,10,0,0,0.08333333333333333,0.625
4,5,2,14,2,4,4,6,3,2,1,2,0,0,0.0625,0.42857142857142855
4,2,2,4,3,8,1,4,3,12,1,10,0,0,0.06666666666666667,0.4
3,10,2,11,3,11,1,5,4,6,4,9,0,0,0.05,0.375
3,5,1,6,1,12,2,14,2,7,3,10,0,0,0.04,1.0
3,7,3,5,4,5,1,9,2,9,2,3,0,0,0.07142857142857142,0.4
1,10,1,6,4,5,3,13,3,14,4,12,0,0,0.047619047619047616,1.0
1,4,3,2,1,3,4,13,4,8,1,2,0,0,0.06666666666666667,0.8571428571428571
4,12,1,5,2,5,1,8,2,11,2,3,0,0,0.05,1.0
3,9,3,13,2,4,2,10,4,13,1,10,0,0,0.05555555555555555,0.3333333333333333
1,14,3,9,2,7,1,12,3,8,3,5,0,0,0.043478260869565216,1.0
4,12,1,2,3,13,2,8,1,14,4,10,0,0,0.06666666666666667,1.0
4,12,2,8,3,12,1,6,4,13,4,5,0,0,0.07142857142857142,0.5714285714285714
4,11,3,3,1,11,2,4,3,14,3,10,0,0,0.045454545454545456,1.0
1,13,4,12,1,5,2,12,4,8,2,5,0,0,0.047619047619047616,0.625
1,6,3,7,4,4,3,5,2,5,1,5,0,0,0.041666666666666664,0.7142857142857143
2,2,4,6,2,5,4,9,4,10,2,9,0,0,0.0625,0.8
1,11,1,8,2,10,4,6,3,2,1,14,0,0,0.125,1.0
2,3,1,8,4,7,1,12,2,4,2,6,0,0,0.045454545454545456,0.625
3,7,3,12,1,12,2,4,1,6,4,14,0,0,0.08333333333333333,0.8
3,2,3,5,2,13,4,14,1,14,3,9,0,0,0.08333333333333333,1.0
3,5,2,13,1,4,1,8,2,14,2,10,0,0,0.07692307692307693,0.5
2,12,4,14,3,13,1,2,2,3,2,9,0,0,0.08333333333333333,0.6666666666666666
1,11,3,12,4,3,4,4,3,6,3,14,0,0,0.058823529411764705,1.0
2,9,1,2,4,12,3,8,2,11,2,14,0,0,0.058823529411764705,1.0
2,11,4,13,2,7,1,5,2,13,3,11,0,0,0.04,0.4
1,4,2,11,1,14,2,3,4,5,2,14,0,0,0.045454545454545456,0.7142857142857143
4,10,2,6,3,14,2,3,2,9,4,9,0,0,0.047619047619047616,0.5
3,12,4,11,1,9,3,7,2,10,4,13,0,0,0.05263157894736842,1.0
4,3,4,14,2,3,1,11,2,8,2,6,0,0,0.09090909090909091,1.0
4,9,1,8,1,11,3,14,3,13,2,3,0,0,0.1,1.0
4,2,4,10,4,8,2,4,1,9,2,2,0,0,0.125,0.625
2,6,2,7,1,14,2,10,4,2,2,14,0,0,0.041666666666666664,1.0
2,4,3,2,1,2,4,13,4,6,3,12,0,0,0.05555555555555555,0.875
3,8,3,12,4,5,2,3,1,8,3,3,0,0,0.05,0.7142857142857143
4,12,1,3,4,4,3,11,4,5,4,10,0,0,0.045454545454545456,0.8571428571428571
4,11,1,10,2,10,4,9,2,11,4,5,0,0,0.045454545454545456,0.25
4,7,2,8,4,4,2,10,1,11,3,4,0,0,0.05555555555555555,0.875
4,5,1,9,2,10,3,5,1,6,3,2,0,0,0.058823529411764705,0.25
3,2,3,6,3,11,1,7,4,4,3,4,0,0,0.1111111111111111,1.0
2,10,4,11,1,12,3,8,4,7,4,2,0,0,0.07692307692307693,0.6666666666666666
3,6,4,2,4,3,3,5,1,8,2,5,0,0,0.058823529411764705,1.0
3,5,2,3,4,10,2,2,2,4,3,11,0,0,0.04,0.75
3,2,1,13,4,12,3,6,2,10,4,10,0,0,0.05555555555555555,1.0
3,3,4,14,1,8,1,3,4,12,3,8,0,0,0.045454545454545456,0.8571428571428571
4,14,3,13,3,8,2,12,3,7,2,3,0,0,0.045454545454545456,0.6
2,4,2,7,3,5,4,13,1,8,3,10,0,0,0.04,0.42857142857142855
4,13,2,2,4,8,1,7,4,14,1,14,0,0,0.06666666666666667,1.0
1,5,3,12,3,9,4,8,2,12,3,6,0,0,0.06666666666666667,0.875
4,5,1,4,4,3,2,13,3,3,1,11,0,0,0.041666666666666664,1.0
2,12,2,8,1,14,4,5,4,7,4,6,0,0,0.06666666666666667,1.0
1,9,4,14,2,7,4,13,3,5,1,14,0,0,0.045454545454545456,0.8571428571428571
1,14,4,14,2,9,1,13,2,3,4,4,0,0,0.04,0.75
3,6,3,9,3,12,1,7,3,11,4,7,0,0,0.04,1.0
1,2,1,5,1,14,1,7,3,14,2,10,0,0,0.07692307692307693,0.75
4,5,1,7,1,13,2,12,1,14,2,11,4,11,0.041666666666666664,0.7142857142857143
4,12,3,14,2,7,4,14,3,5,2,4,2,6,0.08333333333333333,1.0
3,5,3,7,4,8,2,9,3,4,3,10,2,6,0.08333333333333333,1.0
4,3,2,3,2,12,1,11,3,2,1,6,4,7,0.058823529411764705,1.0
3,7,3,2,3,8,1,11,4,8,2,13,3,5,0.1,0.875
4,7,3,2,1,5,2,5,2,6,3,10,2,2,0.1111111111111111,1.0
3,12,3,4,4,10,1,3,1,13,3,13,3,7,0.125,0.5
3,10,1,3,2,9,4,7,3,6,2,8,3,13,0.07692307692307693,0.6
2,2,4,11,3,6,1,2,4,2,3,13,2,5,0.038461538461538464,0.2857142857142857
1,12,2,12,4,4,3,7,3,5,2,10,4,3,0.04,0.5714285714285714
2,12,4,7,2,5,4,13,1,5,2,9,3,6,0.08333333333333333,0.5714285714285714
2,14,4,9,4,14,4,11,4,13,4,7,2,12,0.08333333333333333,0.8571428571428571
2,6,1,7,3,9,3,5,2,10,2,14,1,10,0.043478260869565216,0.625
3,10,4,8,4,11,2,11,2,10,3,11,1,11,0.043478260869565216,1.0
4,11,2,3,1,4,2,7,3,5,2,13,1,11,0.09090909090909091,1.0
3,9,4,10,4,13,3,6,1,12,2,11,1,5,0.05,0.6666666666666666
3,6,1,11,2,9,1,13,4,4,1,12,2,4,0.125,1.0
1,2,3,13,2,6,4,10,3,4,1,5,4,13,0.06666666666666667,0.875
1,5,2,8,2,11,1,14,4,2,1,11,2,5,0.08333333333333333,0.5
2,4,3,3,4,6,4,11,1,12,4,3,3,7,0.1111111111111111,0.875
4,2,2,2,1,14,4,7,3,10,4,11,3,14,0.05,0.875
1,5,4,3,2,2,2,5,2,4,4,9,3,3,0.05263157894736842,0.625
3,8,4,2,2,14,1,2,2,8,3,13,2,4,0.05263157894736842,0.7142857142857143
4,2,2,10,2,2,3,6,1,14,2,3,1,12,0.04,0.7142857142857143
2,8,2,6,1,8,2,7,3,12,1,6,2,9,0.05555555555555555,1.0
4,3,1,7,4,9,2,2,3,9,1,10,4,5,0.05555555555555555,0.6
1,13,1,5,3,11,2,14,4,10,4,9,1,7,0.09090909090909091,0.5714285714285714
2,14,2,3,2,6,3,8,3,6,2,11,4,11,0.05,1.0
3,3,4,12,4,9,2,14,4,4,4,2,1,2,0.09090909090909091,0.875
1,5,4,10,4,12,3,11,4,4,1,4,1,14,0.058823529411764705,0.6666666666666666
2,7,4,6,2,8,1,12,3,10,3,5,1,14,0.041666666666666664,0.75
2,9,3,6,3,4,3,13,3,9,2,11,4,5,0.038461538461538464,0.8571428571428571
1,5,2,5,2,4,1,8,4,13,2,11,4,9,0.058823529411764705,0.6
3,13,3,9,4,5,2,14,4,8,2,2,2,4,0.038461538461538464,1.0
1,9,4,14,4,4,3,2,2,3,4,11,2,8,0.1,0.75
3,4,3,7,2,2,3,6,2,3,1,6,4,11,0.045454545454545456,0.42857142857142855
4,10,3,5,4,2,1,13,1,8,2,11,4,9,0.043478260869565216,1.0
3,13,3,4,4,10,2,6,2,4,1,13,3,10,0.04,1.0
4,10,2,9,1,3,2,12,2,5,1,7,1,9,0.047619047619047616,0.8
1,7,1,10,2,2,1,13,3,8,4,4,3,10,0.09090909090909091,0.8333333333333334
3,2,1,13,4,14,1,5,4,12,3,13,4,8,0.038461538461538464,1.0
3,14,3,2,4,11,3,11,2,5,2,10,1,3,0.0625,0.8571428571428571
4,13,2,7,1,5,1,9,4,9,3,13,2,3,0.07142857142857142,0.4
4,6,3,2,4,2,2,7,4,4,3,12,1,2,0.05263157894736842,1.0
4,11,1,5,1,10,1,7,1,14,2,3,4,10,0.07692307692307693,1.0
4,10,1,7,4,4,3,3,3,4,2,4,2,3,0.06666666666666667,0.8571428571428571
3,14,3,9,3,11,1,8,2,13,2,2,4,12,0.06666666666666667,0.6666666666666666
4,5,3,9,2,6,1,2,2,7,1,3,4,9,0.07142857142857142,1.0
1,14,3,4,1,8,4,11,1,4,2,6,1,13,0.07692307692307693,0.625
3,13,2,11,4,12,4,8,3,9,4,4,4,5,0.1,1.0
4,12,2,9,2,4,1,9,4,8,2,14,1,3,0.07142857142857142,0.75
4,11,4,7,4,6,2,13,2,12,2,3,1,12,0.05555555555555555,0.5
3,12,3,3,3,5,3,9,4,2,1,3,4,10,0.1111111111111111,0.2857142857142857
2,10,2,14,4,2,4,9,3,5,1,10,3,12,0.06666666666666667,0.6666666666666666
1,14,2,3,3,5,3,12,2,7,2,11,3,7,0.07142857142857142,0.75
4,5,3,6,3,8,2,9,1,5,2,8,2,6,0.045454545454545456,0.8333333333333334
1,11,2,10,1,8,2,2,4,7,4,10,2,4,0.1111111111111111,0.2857142857142857
2,12,2,10,1,14,1,13,4,9,1,3,2,2,0.1111111111111111,1.0
1,12,3,3,2,4,1,5,1,8,2,7,2,5,0.058823529411764705,0.8
2,2,4,8,4,3,4,7,2,3,4,6,1,8,0.125,1.0
1,4,2,6,1,10,1,5,2,4,2,11,3,2,0.047619047619047616,0.875
3,2,1,7,2,11,3,11,1,9,3,5,1,11,0.05,0.75
3,7,4,2,3,12,1,9,1,10,2,11,1,12,0.058823529411764705,1.0
4,3,1,10,2,2,4,4,2,9,3,6,1,13,0.05263157894736842,1.0
3,5,2,3,3,14,1,11,3,9,1,7,2,13,0.07142857142857142,0.5714285714285714
2,9,3,9,3,12,1,2,4,11,4,8,1,13,0.1111111111111111,0.42857142857142855
3,12,3,11,4,8,2,7,1,11,3,7,3,3,0.038461538461538464,1.0
3,7,4,2,3,6,4,7,4,8,1,6,2,10,0.0625,1.0
3,13,2,5,4,3,4,2,2,14,3,11,3,8,0.05555555555555555,0.75
2,7,4,2,3,5,1,7,1,6,4,13,4,7,0.038461538461538464,1.0
4,4,3,9,2,13,1,2,2,12,1,12,4,6,0.1111111111111111,0.8571428571428571
4,9,1,13,4,10,4,8,4,3,2,11,2,2,0.05263157894736842,1.0
1,12,2,8,3,3,1,9,1,10,2,6,3,2,0.1,1.0
3,4,3,9,2,13,4,3,1,7,3,11,4,11,0.08333333333333333,1.0
4,4,3,12,4,11,2,5,2,8,3,8,2,2,0.038461538461538464,0.25
3,5,4,2,4,5,2,10,2,13,3,9,1,2,0.0625,1.0
4,4,4,10,2,5,4,8,3,13,1,6,2,2,0.125,1.0
1,8,1,11,2,3,2,14,3,13,4,10,4,4,0.058823529411764705,0.625
4,4,4,8,4,6,2,7,3,2,3,10,4,9,0.0625,0.375
2,5,4,11,3,2,3,11,4,4,2,14,3,6,0.05,0.8
3,3,3,11,3,10,4,10,2,4,1,14,3,4,0.037037037037037035,1.0
1,12,3,2,1,7,3,7,2,5,1,3,4,6,0.058823529411764705,1.0
3,5,1,10,1,12,2,13,2,3,1,4,3,13,0.047619047619047616,1.0
3,2,2,5,2,9,2,3,1,2,4,3,2,7,0.125,0.875
4,4,1,12,3,12,1,2,4,6,3,4,2,13,0.0625,0.5714285714285714
3,7,1,6,1,10,4,14,4,3,1,8,2,8,0.041666666666666664,1.0
2,5,3,6,3,11,1,5,2,8,2,4,1,11,0.0625,0.75
2,14,4,12,2,4,1,2,3,9,1,11,3,4,0.043478260869565216,0.5
1,4,1,8,2,8,3,4,3,7,1,12,4,11,0.037037037037037035,1.0
1,10,2,10,2,8,3,2,1,14,4,9,1,6,0.04,0.5714285714285714
4,13,4,7,2,5,1,7,4,6,1,3,3,11,0.07142857142857142,0.75
2,4,3,11,4,10,3,4,3,13,4,9,1,9,0.125,1.0
1,13,2,7,4,4,3,6,1,2,3,9,3,11,0.058823529411764705,0.75
4,3,4,12,3,9,2,13,1,6,3,4,1,5,0.125,1.0
1,3,4,10,2,12,2,8,3,10,1,4,4,7,0.1,1.0
2,2,2,9,4,6,4,2,1,8,4,13,1,14,0.1,0.8571428571428571
1,14,1,2,3,3,2,9,4,2,3,4,2,13,0.05263157894736842,1.0
1,12,4,11,4,8,2,14,3,3,4,4,2,10,0.05555555555555555,0.8571428571428571
2,11,4,9,2,3,4,4,1,10,4,8,4,5,0.05263157894736842,0.5
4,7,4,6,2,7,3,12,4,11,4,10,1,9,0.0625,0.625
2,8,3,11,0,0,0,0,0,0,0,0,0,0,0.16666666666666666,0.875
1,7,1,10,0,0,0,0,0,0,0,0,0,0,0.16666666666666666,0.25
4,2,1,5,0,0,0,0,0,0,0,0,0,0,0.14285714285714285,0.25
1,5,1,9,0,0,0,0,0,0,0,0,0,0,0.125,0.875
3,10,4,8,0,0,0,0,0,0,0,0,0,0,0.125,1.0
2,14,4,11,0,0,0,0,0,0,0,0,0,0,0.125,0.25
2,3,3,12,0,0,0,0,0,0,0,0,0,0,0.14285714285714285,0.5
3,6,2,7,0,0,0,0,0,0,0,0,0,0,0.16666666666666666,0.25
2,10,3,8,0,0,0,0,0,0,0,0,0,0,0.125,1.0
3,6,2,8,0,0,0,0,0,0,0,0,0,0,0.14285714285714285,0.25
3,9,2,11,0,0,0,0,0,0,0,0,0,0,0.125,0.25
2,2,3,11,0,0,0,0,0,0,0,0,0,0,0.16666666666666666,0.625
4,11,2,10,0,0,0,0,0,0,0,0,0,0,0.16666666666666666,1.0
4,11,2,9,0,0,0,0,0,0,0,0,0,0,0.125,0.875
3,10,3,4,0,0,0,0,0,0,0,0,0,0,0.125,0.25
3,12,2,14,0,0,0,0,0,0,0,0,0,0,0.14285714285714285,0.75
4,2,4,3,0,0,0,0,0,0,0,0,0,0,0.125,0.625
3,6,1,7,0,0,0,0,0,0,0,0,0,0,0.16666666666666666,0.875
3,5,2,12,0,0,0,0,0,0,0,0,0,0,0.14285714285714285,1.0
2,13,1,11,0,0,0,0,0,0,0,0,0,0,0.14285714285714285,0.75
1,2,4,7,0,0,0,0,0,0,0,0,0,0,0.125,0.875
4,8,3,4,0,0,0,0,0,0,0,0,0,0,0.125,1.0
4,3,2,5,0,0,0,0,0,0,0,0,0,0,0.14285714285714285,0.625
1,2,1,12,0,0,0,0,0,0,0,0,0,0,0.14285714285714285,1.0
1,14,4,13,0,0,0,0,0,0,0,0,0,0,0.16666666666666666,0.5
1,6,3,9,0,0,0,0,0,0,0,0,0,0,0.16666666666666666,0.875
1,14,1,11,0,0,0,0,0,0,0,0,0,0,0.16666666666666666,0.375
4,14,2,3,0,0,0,0,0,0,0,0,0,0,0.16666666666666666,0.375
4,9,4,4,0,0,0,0,0,0,0,0,0,0,0.16666666666666666,0.625
2,10,1,12,0,0,0,0,0,0,0,0,0,0,0.125,1.0
2,10,4,9,0,0,0,0,0,0,0,0,0,0,0.14285714285714285,1.0
4,11,3,5,0,0,0,0,0,0,0,0,0,0,0.16666666666666666,0.25
2,13,1,9,0,0,0,0,0,0,0,0,0,0,0.16666666666666666,0.625
3,6,1,5,0,0,0,0,0,0,0,0,0,0,0.14285714285714285,0.25
3,13,2,10,0,0,0,0,0,0,0,0,0,0,0.16666666666666666,0.625
1,9,1,2,0,0,0,0,0,0,0,0,0,0,0.125,0.875
1,13,1,6,0,0,0,0,0,0,0,0,0,0,0.14285714285714285,0.875
3,6,1,13,0,0,0,0,0,0,0,0,0,0,0.14285714285714285,0.75
4,8,3,14,0,0,0,0,0,0,0,0,0,0,0.125,0.75
1,3,1,7,0,0,0,0,0,0,0,0,0,0,0.16666666666666666,0.25
2,11,3,13,0,0,0,0,0,0,0,0,0,0,0.125,0.875
4,11,2,2,0,0,0,0,0,0,0,0,0,0,0.16666666666666666,0.25
3,12,1,3,0,0,0,0,0,0,0,0,0,0,0.14285714285714285,0.5
2,9,3,4,0,0,0,0,0,0,0,0,0,0,0.16666666666666666,0.375
3,13,1,5,0,0,0,0,0,0,0,0,0,0,0.16666666666666666,0.25
1,14,3,11,0,0,0,0,0,0,0,0,0,0,0.16666666666666666,0.625
1,14,3,5,0,0,0,0,0,0,0,0,0,0,0.125,0.25
2,11,1,4,0,0,0,0,0,0,0,0,0,0,0.16666666666666666,0.75
3,5,1,11,0,0,0,0,0,0,0,0,0,0,0.125,0.5
3,14,1,9,0,0,0,0,0,0,0,0,0,0,0.16666666666666666,0.625
4,11,4,7,0,0,0,0,0,0,0,0,0,0,0.16666666666666666,0.375
4,4,2,2,0,0,0,0,0,0,0,0,0,0,0.16666666666666666,0.75
2,3,3,2,0,0,0,0,0,0,0,0,0,0,0.125,1.0
2,9,4,14,0,0,0,0,0,0,0,0,0,0,0.125,0.375
2,6,2,12,0,0,0,0,0,0,0,0,0,0,0.14285714285714285,0.875
3,13,1,5,0,0,0,0,0,0,0,0,0,0,0.16666666666666666,0.75
3,13,2,3,0,0,0,0,0,0,0,0,0,0,0.14285714285714285,0.625
4,8,2,3,0,0,0,0,0,0,0,0,0,0,0.16666666666666666,0.875
4,6,3,6,0,0,0,0,0,0,0,0,0,0,0.16666666666666666,0.75
3,4,1,6,0,0,0,0,0,0,0,0,0,0,0.16666666666666666,0.25
1,2,3,10,0,0,0,0,0,0,0,0,0,0,0.14285714285714285,0.5
3,6,3,14,0,0,0,0,0,0,0,0,0,0,0.16666666666666666,0.375
1,2,3,11,0,0,0,0,0,0,0,0,0,0,0.16666666666666666,0.5
1,12,4,11,0,0,0,0,0,0,0,0,0,0,0.16666666666666666,0.375
2,12,4,14,0,0,0,0,0,0,0,0,0,0,0.14285714285714285,0.375
2,14,2,4,0,0,0,0,0,0,0,0,0,0,0.125,0.625
4,13,4,12,0,0,0,0,0,0,0,0,0,0,0.125,0.75
1,3,1,6,0,0,0,0,0,0,0,0,0,0,0.125,0.25
3,7,1,7,0,0,0,0,0,0,0,0,0,0,0.16666666666666666,0.25
2,7,1,13,0,0,0,0,0,0,0,0,0,0,0.14285714285714285,0.5
2,9,3,6,0,0,0,0,0,0,0,0,0,0,0.125,0.375
1,5,1,6,0,0,0,0,0,0,0,0,0,0,0.125,0.75
4,8,2,11,0,0,0,0,0,0,0,0,0,0,0.125,0.25
1,5,4,11,0,0,0,0,0,0,0,0,0,0,0.16666666666666666,0.25
4,6,3,7,0,0,0,0,0,0,0,0,0,0,0.125,0.375
3,3,3,6,0,0,0,0,0,0,0,0,0,0,0.16666666666666666,0.375
3,10,2,7,0,0,0,0,0,0,0,0,0,0,0.16666666666666666,0.75
4,9,3,14,0,0,0,0,0,0,0,0,0,0,0.14285714285714285,0.625
2,9,4,13,0,0,0,0,0,0,0,0,0,0,0.16666666666666666,1.0
1,11,4,5,0,0,0,0,0,0,0,0,0,0,0.16666666666666666,0.875
1,12,1,5,0,0,0,0,0,0,0,0,0,0,0.125,1.0
3,13,2,5,0,0,0,0,0,0,0,0,0,0,0.16666666666666666,0.875
4,5,2,13,0,0,0,0,0,0,0,0,0,0,0.125,0.25
3,3,2,2,0,0,0,0,0,0,0,0,0,0,0.16666666666666666,0.5
4,4,1,14,0,0,0,0,0,0,0,0,0,0,0.125,0.875
4,9,2,3,0,0,0,0,0,0,0,0,0,0,0.16666666666666666,0.25
2,8,2,13,0,0,0,0,0,0,0,0,0,0,0.16666666666666666,1.0
1,6,4,4,0,0,0,0,0,0,0,0,0,0,0.16666666666666666,0.875
4,6,2,11,0,0,0,0,0,0,0,0,0,0,0.125,1.0
2,8,4,4,0,0,0,0,0,0,0,0,0,0,0.125,0.25
2,11,1,4,0,0,0,0,0,0,0,0,0,0,0.125,0.875
1,3,2,4,0,0,0,0,0,0,0,0,0,0,0.16666666666666666,0.75
3,6,4,6,0,0,0,0,0,0,0,0,0,0,0.16666666666666666,0.75
2,11,1,3,0,0,0,0,0,0,0,0,0,0,0.16666666666666666,1.0
4,4,4,10,0,0,0,0,0,0,0,0,0,0,0.14285714285714285,0.25
2,11,2,7,0,0,0,0,0,0,0,0,0,0,0.16666666666666666,0.625
1,14,4,5,0,0,0,0,0,0,0,0,0,0,0.16666666666666666,0.625
3,8,2,2,0,0,0,0,0,0,0,0,0,0,0.14285714285714285,1.0
2,9,4,5,0,0,0,0,0,0,0,0,0,0,0.14285714285714285,0.375
3,10,2,4,0,0,0,0,0,0,0,0,0,0,0.16666666666666666,1.0
2,8,4,12,1,5,1,14,1,6,0,0,0,0,0.06666666666666667,1.0
1,4,4,6,1,11,3,5,4,13,0,0,0,0,0.05555555555555555,1.0
4,11,4,8,2,12,4,5,3,4,0,0,0,0,0.125,0.6666666666666666
4,10,2,13,2,11,1,4,1,11,0,0,0,0,0.08333333333333333,0.75
3,3,3,12,3,2,1,9,3,6,0,0,0,0,0.125,1.0
2,11,1,4,1,2,3,9,3,10,0,0,0,0,0.06666666666666667,1.0
2,2,1,8,4,11,4,4,3,11,0,0,0,0,0.07142857142857142,1.0
4,12,3,9,4,13,3,5,3,13,0,0,0,0,0.08333333333333333,0.8333333333333334
3,10,4,9,2,5,1,4,2,2,0,0,0,0,0.125,0.75
4,11,1,3,3,11,4,13,4,7,0,0,0,0,0.058823529411764705,1.0
2,3,4,12,3,14,1,12,1,14,0,0,0,0,0.05555555555555555,0.5
4,9,4,4,3,5,3,11,1,14,0,0,0,0,0.058823529411764705,1.0
1,5,3,6,4,9,2,9,1,14,0,0,0,0,0.058823529411764705,0.5
2,10,1,14,3,12,1,8,4,7,0,0,0,0,0.1111111111111111,0.5
2,5,2,7,4,11,3,9,4,12,0,0,0,0,0.058823529411764705,1.0
1,13,2,12,3,8,1,7,4,6,0,0,0,0,0.125,1.0
4,6,4,5,3,2,2,9,4,8,0,0,0,0,0.125,0.8
4,13,2,11,4,5,3,6,1,4,0,0,0,0,0.058823529411764705,1.0
3,2,1,12,4,5,2,13,2,14,0,0,0,0,0.05263157894736842,0.5714285714285714
2,4,3,8,4,5,4,8,2,13,0,0,0,0,0.0625,0.2857142857142857
4,7,2,11,3,5,4,4,3,7,0,0,0,0,0.125,0.5
3,2,2,12,3,14,3,6,1,11,0,0,0,0,0.0625,0.875
3,7,1,12,2,9,1,10,2,5,0,0,0,0,0.07142857142857142,1.0
2,11,4,2,1,14,4,8,2,14,0,0,0,0,0.05,0.3333333333333333
4,6,2,8,1,2,3,11,2,6,0,0,0,0,0.0625,1.0
3,10,1,8,2,5,1,3,2,9,0,0,0,0,0.09090909090909091,0.25
2,2,3,10,1,9,1,11,1,7,0,0,0,0,0.1111111111111111,0.25
1,11,4,5,3,7,1,3,2,9,0,0,0,0,0.06666666666666667,1.0
3,3,2,10,2,14,1,5,4,13,0,0,0,0,0.07692307692307693,1.0
3,4,3,2,3,11,1,2,2,11,0,0,0,0,0.09090909090909091,1.0
4,7,2,8,3,7,2,9,2,13,0,0,0,0,0.05555555555555555,0.8571428571428571
2,2,2,13,4,11,4,7,3,11,0,0,0,0,0.058823529411764705,0.5
2,3,1,5,2,7,3,5,4,7,0,0,0,0,0.125,0.875
3,8,1,9,2,9,1,5,1,3,0,0,0,0,0.08333333333333333,0.8571428571428571
1,4,2,3,3,5,4,4,2,11,0,0,0,0,0.08333333333333333,0.6
1,6,3,2,4,6,2,8,1,12,0,0,0,0,0.125,1.0
3,6,2,14,2,8,1,9,4,7,0,0,0,0,0.05555555555555555,1.0
2,12,4,8,2,6,3,11,3,13,0,0,0,0,0.06666666666666667,0.875
4,7,3,10,4,6,3,9,4,12,0,0,0,0,0.07142857142857142,0.6666666666666666
2,2,1,9,3,12,1,12,4,2,0,0,0,0,0.07692307692307693,0.6
3,10,2,11,4,9,4,10,1,14,0,0,0,0,0.1111111111111111,0.875
2,11,1,8,4,10,2,13,4,7,0,0,0,0,0.05263157894736842,1.0
4,12,3,9,3,12,2,4,4,10,0,0,0,0,0.125,1.0
3,5,1,13,4,7,4,3,2,2,0,0,0,0,0.058823529411764705,0.625
2,3,1,10,2,4,2,11,4,12,0,0,0,0,0.07142857142857142,1.0
3,10,2,2,2,10,1,8,3,6,0,0,0,0,0.07142857142857142,0.6
2,8,2,4,1,10,3,3,1,9,0,0,0,0,0.1111111111111111,0.625
4,14,1,9,3,10,3,9,3,13,0,0,0,0,0.1,0.6666666666666666
4,9,1,2,3,2,1,8,3,7,0,0,0,0,0.06666666666666667,1.0
3,6,3,14,4,12,2,6,1,12,0,0,0,0,0.05263157894736842,0.375
2,2,3,14,2,4,4,14,1,2,0,0,0,0,0.05,0.6666666666666666
2,10,4,9,1,9,4,8,3,4,0,0,0,0,0.1111111111111111,1.0
3,10,3,7,4,5,4,3,3,8,0,0,0,0,0.1111111111111111,1.0
1,5,1,6,4,9,2,14,1,13,0,0,0,0,0.07692307692307693,0.6
2,6,3,2,2,3,1,13,4,9,0,0,0,0,0.06666666666666667,0.5714285714285714
1,12,2,2,4,4,1,11,3,8,0,0,0,0,0.06666666666666667,1.0
4,11,4,6,2,2,2,12,1,6,0,0,0,0,0.07142857142857142,0.875
3,12,2,5,1,5,1,12,4,14,0,0,0,0,0.05,0.75
2,5,4,3,1,10,4,8,1,9,0,0,0,0,0.08333333333333333,0.375
1,3,1,7,3,5,2,5,3,8,0,0,0,0,0.09090909090909091,1.0
4,12,1,7,1,5,3,12,1,12,0,0,0,0,0.1111111111111111,0.7142857142857143
3,14,3,9,2,2,1,4,4,10,0,0,0,0,0.1,1.0
1,5,3,7,1,10,3,4,2,13,0,0,0,0,0.05,1.0
3,3,3,12,2,2,1,12,1,9,0,0,0,0,0.05,0.5
1,13,3,10,4,8,1,8,4,10,0,0,0,0,0.07692307692307693,0.75
1,9,1,12,2,7,2,13,4,7,0,0,0,0,0.0625,0.375
3,13,4,6,2,6,4,5,4,9,0,0,0,0,0.05,0.2857142857142857
3,3,3,7,1,5,3,2,2,4,0,0,0,0,0.07142857142857142,0.75
1,7,1,2,2,14,3,3,1,3,0,0,0,0,0.05555555555555555,0.875
4,14,2,13,2,8,4,13,4,11,0,0,0,0,0.058823529411764705,0.3333333333333333
1,13,1,9,4,12,1,3,2,9,0,0,0,0,0.08333333333333333,1.0
2,3,2,5,1,12,2,14,4,7,0,0,0,0,0.1,1.0
2,13,4,7,3,4,2,9,1,14,0,0,0,0,0.058823529411764705,1.0
2,9,3,3,2,5,1,7,1,2,0,0,0,0,0.1,0.5
4,5,2,14,4,9,1,3,3,6,0,0,0,0,0.125,0.625
2,3,4,8,3,14,1,6,4,5,0,0,0,0,0.1,0.625
1,6,4,5,1,13,2,14,2,4,0,0,0,0,0.05263157894736842,1.0
2,12,1,9,2,3,1,12,2,9,0,0,0,0,0.0625,0.5714285714285714
3,4,1,10,1,9,4,4,2,10,0,0,0,0,0.05263157894736842,0.5714285714285714
2,2,1,6,4,3,2,11,3,14,0,0,0,0,0.125,0.8571428571428571
4,4,2,5,4,2,3,11,1,2,0,0,0,0,0.1,0.6666666666666666
4,14,3,4,2,7,1,12,3,8,0,0,0,0,0.05,0.3333333333333333
2,3,3,11,4,3,2,4,2,8,0,0,0,0,0.06666666666666667,0.42857142857142855
3,11,4,9,4,8,3,13,1,5,0,0,0,0,0.125,1.0
1,12,4,11,3,4,2,14,1,2,0,0,0,0,0.07142857142857142,1.0
4,14,1,5,4,7,3,14,4,13,0,0,0,0,0.07142857142857142,0.7142857142857143
4,14,4,6,2,2,2,4,4,11,0,0,0,0,0.08333333333333333,0.875
4,13,2,2,3,13,2,9,4,8,0,0,0,0,0.1111111111111111,0.5714285714285714
3,6,2,13,1,6,3,5,3,12,0,0,0,0,0.125,1.0
1,13,2,6,2,8,4,3,3,3,0,0,0,0,0.07692307692307693,0.3333333333333333
4,13,1,12,2,3,1,7,1,11,0,0,0,0,0.05263157894736842,1.0
3,2,3,3,2,9,2,10,4,9,0,0,0,0,0.08333333333333333,1.0
4,7,4,5,2,8,3,9,4,9,0,0,0,0,0.07692307692307693,1.0
1,2,4,9,1,13,2,13,4,6,0,0,0,0,0.05263157894736842,1.0
1,5,4,14,1,9,3,13,1,14,0,0,0,0,0.05555555555555555,0.3333333333333333
1,12,1,5,1,8,3,4,2,2,0,0,0,0,0.1,1.0
2,14,4,6,3,14,1,13,3,12,0,0,0,0,0.1,1.0
4,4,3,10,4,6,1,2,4,5,0,0,0,0,0.1,0.5714285714285714
1,13,1,6,1,9,4,11,4,4,0,0,0,0,0.1,1.0
2,14,2,13,4,11,1,5,4,2,0,0,0,0,0.05,1.0
1,7,4,5,1,3,2,3,3,8,1,14,0,0,0.043478260869565216,1.0
1,3,1,4,4,11,3,14,3,8,2,9,0,0,0.041666666666666664,0.8333333333333334
3,5,2,3,1,4,1,14,4,2,2,8,0,0,0.04,0.875
4,8,4,10,2,8,4,12,4,14,4,9,0,0,0.07142857142857142,1.0
4,10,2,12,3,6,4,13,2,11,2,13,0,0,0.045454545454545456,0.5714285714285714
4,9,1,3,2,11,1,13,4,11,1,7,0,0,0.07142857142857142,1.0
3,12,4,9,2,8,1,11,2,11,1,7,0,0,0.058823529411764705,0.8333333333333334
4,2,3,6,4,3,2,5,2,11,1,3,0,0,0.05555555555555555,0.5714285714285714
4,7,3,13,1,11,2,8,4,11,4,6,0,0,0.0625,0.375
1,6,3,9,1,5,1,7,4,10,4,9,0,0,0.1111111111111111,0.6666666666666666
2,4,4,9,2,5,3,3,2,10,4,11,0,0,0.0625,1.0
2,10,3,6,1,8,3,13,3,10,4,6,0,0,0.06666666666666667,1.0
2,8,3,8,2,9,4,2,4,11,2,6,0,0,0.04,0.7142857142857143
3,12,3,7,1,7,1,3,3,6,2,8,0,0,0.06666666666666667,0.75
3,4,2,9,4,5,3,13,4,13,1,7,0,0,0.047619047619047616,0.6666666666666666
1,9,2,11,3,8,2,4,3,7,3,6,0,0,0.043478260869565216,0.875
3,5,1,6,4,3,4,8,1,4,2,5,0,0,0.04,1.0
3,4,4,5,2,13,4,10,1,10,3,13,0,0,0.047619047619047616,0.7142857142857143
4,10,1,5,4,14,4,11,4,12,2,3,0,0,0.047619047619047616,0.25
2,6,4,6,3,14,2,14,2,12,3,3,0,0,0.06666666666666667,1.0
3,7,2,8,2,2,2,13,3,3,2,6,0,0,0.0625,1.0
1,2,4,3,1,4,3,5,2,5,4,12,0,0,0.1111111111111111,1.0
3,11,3,6,4,12,3,14,1,10,2,12,0,0,0.043478260869565216,0.25
3,2,3,11,4,3,2,8,1,13,3,12,0,0,0.09090909090909091,0.75
3,7,3,11,2,13,2,9,4,3,4,10,0,0,0.041666666666666664,0.75
3,2,1,3,2,4,2,2,4,9,1,8,0,0,0.125,0.75
3,7,4,8,3,8,4,6,4,10,3,14,0,0,0.047619047619047616,1.0
2,5,4,5,4,6,3,6,1,9,4,7,0,0,0.045454545454545456,0.8571428571428571
1,10,2,4,4,5,2,12,4,2,2,11,0,0,0.06666666666666667,1.0
4,10,1,2,3,13,2,5,1,8,3,12,0,0,0.045454545454545456,0.5714285714285714
4,10,2,7,3,3,2,14,3,12,4,9,0,0,0.09090909090909091,1.0
2,5,3,7,4,11,4,13,3,5,4,5,0,0,0.08333333333333333,0.75
4,2,2,9,4,13,3,3,4,5,2,8,0,0,0.1,0.75
4,12,2,11,3,9,3,13,4,7,2,14,0,0,0.1111111111111111,1.0
2,9,3,10,1,11,2,14,3,3,4,3,0,0,0.09090909090909091,1.0
4,12,3,5,4,9,3,4,2,7,3,7,0,0,0.058823529411764705,1.0
3,13,2,12,3,12,2,14,4,4,3,11,0,0,0.04,0.5
1,11,4,4,1,3,3,10,2,10,3,3,0,0,0.07692307692307693,1.0
3,8,1,7,4,2,2,5,2,3,2,14,0,0,0.07692307692307693,0.625
3,14,3,11,4,8,1,6,2,11,3,8,0,0,0.07142857142857142,0.625
2,12,3,11,2,7,4,4,3,7,2,9,0,0,0.1111111111111111,1.0
3,14,1,9,3,10,4,5,2,10,1,12,0,0,0.06666666666666667,0.875
3,3,4,6,1,10,1,8,2,4,3,12,0,0,0.045454545454545456,0.625
4,8,1,12,4,5,2,9,1,14,3,6,0,0,0.04,1.0
3,5,2,8,1,8,1,6,2,9,3,9,0,0,0.07142857142857142,0.3333333333333333
2,2,1,7,3,5,3,7,1,13,1,12,0,0,0.07142857142857142,0.7142857142857143
2,6,3,5,3,13,2,13,2,8,2,11,0,0,0.06666666666666667,1.0
1,14,4,8,3,13,3,2,1,9,1,12,0,0,0.05,0.875
2,13,3,10,1,7,3,9,2,10,1,8,0,0,0.06666666666666667,0.625
2,5,4,14,4,3,3,12,2,4,1,12,0,0,0.08333333333333333,1.0
3,9,3,4,1,8,1,14,4,12,4,6,0,0,0.05,0.2857142857142857
2,11,3,7,2,6,3,13,2,9,3,3,0,0,0.04,0.6666666666666666
1,6,3,10,2,14,1,4,4,3,4,12,0,0,0.058823529411764705,0.7142857142857143
2,2,1,6,1,8,1,9,4,11,3,14,0,0,0.125,0.4
2,5,2,6,4,5,2,13,2,11,1,7,0,0,0.05263157894736842,0.6666666666666666
3,2,3,3,4,10,2,2,1,5,4,11,0,0,0.1,1.0
2,14,4,9,4,5,2,11,1,5,4,2,0,0,0.05555555555555555,0.6666666666666666
1,13,4,3,1,12,3,6,3,11,2,8,0,0,0.0625,0.75
4,3,4,7,4,13,1,8,3,5,3,12,0,0,0.06666666666666667,1.0
3,13,3,2,2,4,4,8,2,14,1,11,0,0,0.043478260869565216,0.5
1,4,1,12,2,12,2,11,4,11,2,9,0,0,0.08333333333333333,0.7142857142857143
2,11,1,8,2,8,1,11,4,8,3,2,0,0,0.125,0.2857142857142857
2,10,2,5,4,13,1,10,4,2,1,9,0,0,0.08333333333333333,0.2857142857142857
4,3,3,7,2,7,2,4,1,11,2,2,0,0,0.0625,0.5
4,3,2,7,3,3,1,12,1,6,2,3,0,0,0.07142857142857142,1.0
4,10,4,8,1,5,3,14,4,3,1,8,0,0,0.04,0.5714285714285714
2,10,3,9,3,13,3,6,2,7,1,4,0,0,0.05,0.75
4,5,2,10,3,7,3,11,1,12,1,5,0,0,0.05,0.8571428571428571
2,7,2,13,3,8,1,4,2,14,4,3,0,0,0.045454545454545456,0.5714285714285714
2,4,1,7,4,12,4,7,2,8,1,4,0,0,0.043478260869565216,1.0
2,8,3,8,3,13,1,6,2,12,1,13,0,0,0.07692307692307693,1.0
2,10,2,6,4,6,2,4,4,11,3,4,0,0,0.043478260869565216,0.8333333333333334
2,2,3,6,3,7,2,10,4,9,4,7,0,0,0.07142857142857142,1.0
3,6,3,11,3,3,4,10,4,5,1,7,0,0,0.05,0.8333333333333334
4,10,2,14,3,9,4,9,2,8,4,14,0,0,0.0625,1.0
1,9,1,8,3,10,3,5,2,4,4,4,0,0,0.041666666666666664,0.75
1,12,2,2,3,9,1,7,1,9,4,9,0,0,0.05263157894736842,0.6666666666666666
2,3,1,9,2,7,3,11,1,14,3,5,0,0,0.045454545454545456,1.0
3,7,2,5,4,11,3,14,4,8,1,3,0,0,0.058823529411764705,0.6
1,4,1,5,4,2,2,10,1,10,2,12,0,0,0.041666666666666664,1.0
1,3,2,7,1,7,3,14,4,6,3,8,0,0,0.07692307692307693,0.6666666666666666
4,2,3,5,1,2,2,7,3,13,1,10,0,0,0.125,0.75
1,5,4,14,4,5,3,2,2,9,3,3,0,0,0.058823529411764705,1.0
4,9,3,6,2,14,1,9,3,2,2,9,0,0,0.058823529411764705,1.0
4,13,3,13,1,9,1,14,1,7,2,12,0,0,0.07142857142857142,1.0
1,11,3,2,1,3,2,6,1,7,3,13,0,0,0.045454545454545456,0.625
4,14,4,5,1,5,3,3,1,6,4,9,0,0,0.08333333333333333,0.5
2,2,2,12,3,9,2,6,4,13,4,2,0,0,0.1111111111111111,1.0
1,13,2,9,3,5,1,10,2,11,2,4,0,0,0.05,1.0
3,9,2,5,4,6,4,4,4,14,1,13,0,0,0.05263157894736842,1.0
4,7,4,8,4,6,2,2,2,9,3,10,0,0,0.043478260869565216,1.0
3,4,1,7,4,5,4,6,3,3,4,2,0,0,0.1111111111111111,0.5
3,8,2,6,1,2,4,2,4,5,4,4,0,0,0.07692307692307693,0.5
3,4,3,11,1,11,3,13,3,2,4,8,0,0,0.08333333333333333,1.0
3,13,4,4,3,14,4,3,1,6,4,12,0,0,0.07142857142857142,1.0
2,11,4,13,1,10,4,6,4,8,2,8,0,0,0.07142857142857142,1.0
3,11,3,2,3,12,1,14,1,8,4,3,0,0,0.06666666666666667,1.0
4,12,1,7,3,13,2,2,4,13,3,3,0,0,0.05263157894736842,1.0
3,7,1,3,2,3,3,6,2,8,4,6,0,0,0.05555555555555555,1.0
2,8,3,7,1,7,3,11,4,14,4,10,0,0,0.0625,0.25
2,9,3,7,2,13,3,5,2,3,2,5,3,11,0.1,0.875
1,7,1,13,3,13,2,9,1,11,1,10,1,9,0.037037037037037035,0.8333333333333334
1,3,2,14,3,8,4,5,3,12,4,14,1,5,0.043478260869565216,0.2857142857142857
1,14,1,13,2,2,1,7,4,7,4,2,2,11,0.1111111111111111,0.875
3,4,3,14,2,6,3,8,3,2,4,11,3,10,0.09090909090909091,1.0
2,14,1,14,4,3,3,13,2,13,1,7,1,8,0.047619047619047616,0.8
3,9,2,10,4,3,1,14,4,13,1,4,3,7,0.07142857142857142,0.5714285714285714
1,10,2,14,4,11,1,8,4,12,2,11,1,5,0.06666666666666667,0.625
3,5,2,12,1,12,2,7,4,4,2,2,1,10,0.047619047619047616,1.0
2,13,2,9,3,7,3,12,1,10,3,8,1,5,0.05263157894736842,0.5
3,7,4,13,3,5,1,11,1,8,2,13,4,3,0.09090909090909091,1.0
4,5,4,13,2,6,3,11,1,11,4,3,1,14,0.038461538461538464,0.75
2,4,2,11,4,7,1,8,4,13,4,3,3,9,0.045454545454545456,1.0
1,7,3,4,2,3,2,2,1,5,2,12,2,4,0.0625,0.875
3,14,4,11,4,7,3,5,2,9,3,4,2,8,0.05555555555555555,0.875
2,13,1,13,4,12,3,11,2,14,1,14,1,4,0.06666666666666667,1.0
1,13,1,6,3,13,2,3,4,6,4,11,4,2,0.125,1.0
3,2,4,7,2,3,3,8,2,4,2,2,4,3,0.0625,0.5714285714285714
4,5,3,12,3,7,4,6,2,14,4,9,1,14,0.038461538461538464,1.0
1,3,4,12,2,12,1,9,2,11,1,12,1,8,0.0625,0.6666666666666666
3,9,2,4,3,2,4,14,3,12,2,7,1,6,0.07692307692307693,1.0
3,12,2,14,4,6,1,7,4,9,4,4,3,8,0.07142857142857142,0.8
1,3,3,10,4,7,3,13,1,8,3,4,2,2,0.07692307692307693,1.0
4,13,3,9,1,3,1,12,1,14,3,14,3,3,0.1,1.0
4,6,1,5,1,14,1,13,3,5,3,10,1,9,0.043478260869565216,0.7142857142857143
3,9,1,3,2,7,4,3,2,3,4,9,3,5,0.038461538461538464,0.8
3,3,4,8,2,2,3,4,3,2,2,14,2,6,0.04,0.8333333333333334
4,11,2,4,3,7,4,13,2,5,2,6,3,4,0.07142857142857142,0.25
3,8,2,12,4,11,1,12,1,9,4,14,1,6,0.04,1.0
2,9,2,14,3,6,3,5,4,13,1,9,4,6,0.047619047619047616,1.0
2,3,3,10,2,12,2,6,3,8,4,12,1,10,0.125,0.875
1,8,4,4,3,10,2,12,1,7,4,14,3,11,0.06666666666666667,0.375
4,14,2,13,3,5,1,13,3,13,3,8,1,14,0.058823529411764705,0.8571428571428571
3,8,3,10,1,10,3,2,2,6,4,2,4,5,0.038461538461538464,1.0
2,5,2,2,2,9,3,9,4,10,4,13,4,4,0.1,1.0
2,7,1,9,3,13,1,8,3,11,2,13,3,14,0.125,0.8333333333333334
1,9,4,6,4,5,1,10,3,4,2,11,4,7,0.05555555555555555,0.875
4,8,1,7,4,5,4,12,4,10,3,14,4,6,0.06666666666666667,0.7142857142857143
1,7,4,11,3,5,2,12,4,4,2,4,3,12,0.1111111111111111,1.0
4,14,4,13,3,14,1,13,4,8,3,4,3,10,0.125,0.7142857142857143
4,7,4,3,1,9,2,14,2,7,2,12,1,10,0.045454545454545456,1.0
2,3,3,6,3,12,4,11,3,10,2,13,1,7,0.07142857142857142,0.6666666666666666
3,10,3,7,3,6,4,6,3,2,1,11,2,3,0.041666666666666664,0.8571428571428571
2,7,4,10,1,10,4,14,1,13,1,4,3,6,0.07692307692307693,1.0
2,3,4,10,2,7,3,2,1,9,1,2,2,10,0.08333333333333333,1.0
4,10,3,6,3,12,4,9,3,10,1,3,4,14,0.06666666666666667,1.0
3,10,2,11,4,13,3,12,4,4,4,9,4,10,0.07142857142857142,1.0
3,3,4,6,3,13,3,11,1,8,4,9,2,2,0.043478260869565216,1.0
3,14,2,11,1,10,1,7,3,7,3,6,2,13,0.045454545454545456,0.5
3,9,4,6,4,2,1,13,3,4,2,4,3,3,0.058823529411764705,1.0
1,5,2,8,2,7,2,6,1,10,2,3,2,2,0.058823529411764705,0.75
2,14,4,6,1,13,4,3,2,7,4,12,4,9,0.038461538461538464,1.0
3,8,3,7,4,9,3,11,2,4,4,8,3,14,0.07142857142857142,1.0
3,14,4,14,1,9,1,5,2,10,2,8,3,13,0.041666666666666664,0.6666666666666666
2,11,4,12,3,9,1,9,1,5,2,14,2,12,0.045454545454545456,0.6
4,6,3,14,4,12,3,3,3,13,3,8,2,9,0.037037037037037035,0.6
4,7,3,8,1,9,1,4,2,5,2,13,1,2,0.05555555555555555,0.875
3,3,3,2,3,13,2,13,2,10,1,14,3,9,0.07142857142857142,0.5
1,7,3,12,2,10,1,13,2,2,1,12,1,5,0.04,1.0
3,10,2,3,2,13,4,13,1,12,3,4,3,2,0.058823529411764705,0.2857142857142857
1,9,1,7,1,2,4,2,1,14,3,6,1,12,0.05,0.875
4,12,3,5,3,13,3,10,2,5,3,8,2,11,0.07142857142857142,0.42857142857142855
4,3,2,10,4,4,4,7,1,13,2,3,1,9,0.05,0.375
4,6,1,4,3,14,4,14,2,14,1,7,3,10,0.038461538461538464,0.5
2,10,4,4,4,12,1,4,1,13,3,4,2,4,0.058823529411764705,1.0
2,9,4,8,1,13,2,14,3,10,3,11,3,14,0.1111111111111111,0.5714285714285714
1,11,1,9,4,13,1,13,4,4,4,8,4,10,0.1,0.75
3,9,1,6,4,9,1,5,1,4,2,5,4,11,0.125,1.0
1,12,4,12,2,5,1,2,3,14,1,4,3,3,0.045454545454545456,0.75
2,13,1,2,1,7,4,10,4,13,3,6,4,4,0.05263157894736842,1.0
1,4,1,8,1,10,3,12,3,8,2,12,1,13,0.09090909090909091,0.7142857142857143
2,9,2,8,3,10,1,5,1,10,2,2,1,2,0.08333333333333333,1.0
3,12,4,10,4,2,2,5,1,11,2,14,3,9,0.07692307692307693,0.8
2,8,1,7,2,4,4,2,1,4,4,3,2,6,0.043478260869565216,1.0
4,3,3,8,4,10,4,14,3,6,4,4,4,6,0.038461538461538464,0.375
1,6,2,6,2,10,4,2,1,12,3,4,3,3,0.04,0.875
4,5,2,7,4,2,4,6,1,2,1,13,1,12,0.05,0.8333333333333334
4,8,3,14,4,12,4,5,3,3,1,2,2,6,0.125,0.75
3,4,2,2,1,8,3,8,4,7,1,10,3,13,0.1111111111111111,0.7142857142857143
2,8,4,7,4,5,2,3,4,9,2,11,4,10,0.041666666666666664,1.0
3,14,2,5,4,12,4,7,4,13,1,13,1,6,0.037037037037037035,0.7142857142857143
1,7,2,9,4,12,1,13,3,3,1,4,3,5,0.06666666666666667,0.6666666666666666
3,12,3,14,1,14,4,7,3,5,4,13,1,11,0.047619047619047616,0.5
3,12,3,10,3,4,2,2,2,12,1,8,4,7,0.1111111111111111,1.0
1,6,3,14,3,7,4,4,2,5,3,8,4,5,0.04,0.375
2,13,3,8,2,4,2,9,3,13,2,12,3,4,0.038461538461538464,0.7142857142857143
3,10,1,2,4,10,2,2,2,3,4,9,3,3,0.058823529411764705,0.875
4,2,1,7,1,8,4,9,1,12,3,6,2,14,0.041666666666666664,0.8
2,5,1,14,4,10,1,4,1,2,2,12,3,8,0.045454545454545456,1.0
1,6,4,3,1,9,2,12,2,14,3,10,3,3,0.038461538461538464,0.6666666666666666
1,4,1,14,4,9,1,6,1,8,4,14,2,8,0.045454545454545456,0.75
4,13,2,9,4,10,2,11,3,2,2,3,4,6,0.058823529411764705,0.5
2,14,3,13,3,2,1,14,1,11,3,12,4,10,0.09090909090909091,0.4
4,11,2,10,4,9,4,6,3,7,1,9,2,2,0.05263157894736842,0.6
2,7,4,14,1,4,1,11,1,3,3,12,4,13,0.0625,1.0
1,14,4,6,1,6,1,5,3,13,1,7,3,3,0.047619047619047616,1.0
1,3,1,10,3,10,4,2,3,8,1,5,1,8,0.05555555555555555,0.3333333333333333
1,8,2,4,4,6,3,8,4,14,4,10,2,6,0.125,0.6
3,4,1,13,3,9,1,3,1,8,1,7,2,6,0.05,0.75
3,3,4,10,2,13,2,6,1,12,1,14,3,10,0.0625,1.0