
3,5,1,11,0,0,0,0,0,0,0,0,0,0,0.125,0.7142857142857143,7
1,12,3,5,0,0,0,0,0,0,0,0,0,0,0.125,0.6,5
1,12,3,5,4,11,4,6,3,9,0,0,0,0,0.25,0.75,4
2,4,2,3,0,0,0,0,0,0,0,0,0,0,0.125,0.7142857142857143,7
2,4,2,3,4,4,2,5,2,6,0,0,0,0,0.14285714285714285,0.6666666666666666,6
2,3,1,9,0,0,0,0,0,0,0,0,0,0,0.125,0.7142857142857143,7
2,3,1,9,2,8,3,12,2,5,0,0,0,0,0.16666666666666666,0.5,2
1,13,2,2,0,0,0,0,0,0,0,0,0,0,0.125,0.7142857142857143,7
1,13,2,2,3,7,3,10,1,9,0,0,0,0,0.16666666666666666,0.8,5
2,2,3,9,0,0,0,0,0,0,0,0,0,0,0.125,0.7142857142857143,7
2,2,3,9,4,10,1,13,2,11,0,0,0,0,0.14285714285714285,0.6666666666666666,6
2,2,2,10,0,0,0,0,0,0,0,0,0,0,0.125,0.7142857142857143,7
2,2,2,10,3,5,4,4,3,3,0,0,0,0,0.16666666666666666,0.75,4
2,2,2,10,3,5,4,4,3,3,3,12,0,0,0.1,0.6666666666666666,3
1,10,3,6,0,0,0,0,0,0,0,0,0,0,0.125,0.75,8
1,10,3,6,1,5,4,4,1,6,0,0,0,0,0.14285714285714285,0.6666666666666666,3
4,7,4,3,0,0,0,0,0,0,0,0,0,0,0.125,0.75,8
4,7,4,3,2,13,4,12,3,9,0,0,0,0,0.14285714285714285,0.8,5
4,11,3,10,0,0,0,0,0,0,0,0,0,0,0.125,0.7142857142857143,7
4,11,3,10,3,2,1,2,3,9,0,0,0,0,0.14285714285714285,0.3333333333333333,3
2,4,3,11,0,0,0,0,0,0,0,0,0,0,0.125,0.7142857142857143,7
2,4,3,11,3,4,4,9,4,6,0,0,0,0,0.14285714285714285,0.7142857142857143,7
2,4,3,11,3,4,4,9,4,6,2,8,0,0,0.07692307692307693,0.75,4
2,4,3,11,3,4,4,9,4,6,2,8,1,10,0.058823529411764705,0.75,4
2,11,4,3,0,0,0,0,0,0,0,0,0,0,0.125,0.6666666666666666,6
2,12,3,4,0,0,0,0,0,0,0,0,0,0,0.125,0.6666666666666666,6
2,12,3,4,1,14,2,5,3,14,0,0,0,0,0.16666666666666666,0.3333333333333333,3
4,7,1,13,0,0,0,0,0,0,0,0,0,0,0.125,0.7142857142857143,7
3,6,3,9,0,0,0,0,0,0,0,0,0,0,0.125,0.7142857142857143,7
3,6,3,9,4,4,3,10,2,8,0,0,0,0,0.16666666666666666,0.8333333333333334,6
3,6,3,9,4,4,3,10,2,8,4,10,0,0,0.08333333333333333,0.8,5
3,6,3,9,4,4,3,10,2,8,4,10,1,11,0.058823529411764705,0.8,5
4,6,2,10,0,0,0,0,0,0,0,0,0,0,0.125,0.75,8
1,6,2,7,0,0,0,0,0,0,0,0,0,0,0.125,0.75,8
1,6,2,7,3,14,2,12,2,11,0,0,0,0,0.14285714285714285,0.75,4
4,7,1,11,0,0,0,0,0,0,0,0,0,0,0.125,0.7142857142857143,7
3,10,1,14,0,0,0,0,0,0,0,0,0,0,0.125,0.6666666666666666,6
3,10,1,14,2,5,2,12,3,3,0,0,0,0,0.16666666666666666,0.5,4
1,11,4,11,0,0,0,0,0,0,0,0,0,0,0.125,0.7142857142857143,7
1,11,4,11,1,4,2,5,1,6,0,0,0,0,0.14285714285714285,0.3333333333333333,3
1,4,2,4,0,0,0,0,0,0,0,0,0,0,0.125,0.75,8
1,7,2,4,0,0,0,0,0,0,0,0,0,0,0.125,0.6666666666666666,6
1,7,2,4,4,13,2,14,2,11,0,0,0,0,0.16666666666666666,0.6666666666666666,6
4,4,4,9,0,0,0,0,0,0,0,0,0,0,0.125,0.75,8
4,4,4,9,2,2,3,9,2,3,0,0,0,0,0.125,0.5,4
3,3,4,3,0,0,0,0,0,0,0,0,0,0,0.125,0.7142857142857143,7
2,9,1,2,0,0,0,0,0,0,0,0,0,0,0.125,0.6666666666666666,6
2,9,1,2,3,12,2,10,4,9,0,0,0,0,0.2,0.75,4
4,5,3,6,0,0,0,0,0,0,0,0,0,0,0.125,0.75,8
4,5,3,6,4,2,1,13,4,12,0,0,0,0,0.125,0.6,5
3,13,1,5,0,0,0,0,0,0,0,0,0,0,0.125,0.75,8
3,13,1,5,1,4,3,5,3,10,0,0,0,0,0.125,0.7142857142857143,7
2,7,2,6,0,0,0,0,0,0,0,0,0,0,0.125,0.6666666666666666,6
2,7,2,6,4,7,2,14,3,9,0,0,0,0,0.2,0.6666666666666666,3
4,2,2,6,0,0,0,0,0,0,0,0,0,0,0.125,0.7142857142857143,7
2,8,1,9,0,0,0,0,0,0,0,0,0,0,0.125,0.75,8
2,8,1,9,4,2,4,12,4,7,0,0,0,0,0.125,0.75,8
2,8,1,9,4,2,4,12,4,7,2,11,0,0,0.06666666666666667,0.8571428571428571,7
2,8,1,9,4,2,4,12,4,7,2,11,1,12,0.045454545454545456,0.8333333333333334,6
4,6,1,11,0,0,0,0,0,0,0,0,0,0,0.125,0.7142857142857143,7
2,9,3,13,0,0,0,0,0,0,0,0,0,0,0.125,0.6,5
2,9,3,13,1,6,2,13,4,9,0,0,0,0,0.25,0.6666666666666666,3
2,9,3,13,1,6,2,13,4,9,3,9,0,0,0.16666666666666666,1.0,2
2,9,3,13,1,6,2,13,4,9,3,9,1,13,0.125,1.0,2
1,5,1,10,0,0,0,0,0,0,0,0,0,0,0.125,0.7142857142857143,7
1,5,1,10,1,6,2,10,1,11,0,0,0,0,0.14285714285714285,0.5,4
1,5,1,10,1,6,2,10,1,11,2,2,0,0,0.09090909090909091,0.5,4
1,5,1,10,1,6,2,10,1,11,2,2,2,6,0.06666666666666667,0.3333333333333333,3
4,9,2,2,0,0,0,0,0,0,0,0,0,0,0.125,0.75,8
1,10,4,7,0,0,0,0,0,0,0,0,0,0,0.125,0.75,8
1,10,4,7,1,4,1,6,1,3,0,0,0,0,0.125,0.6666666666666666,6
2,10,4,10,0,0,0,0,0,0,0,0,0,0,0.125,0.75,8
2,10,4,10,1,14,3,12,4,9,0,0,0,0,0.14285714285714285,0.8,5
2,10,4,10,1,14,3,12,4,9,1,6,0,0,0.09090909090909091,1.0,4
3,10,1,10,0,0,0,0,0,0,0,0,0,0,0.125,0.6666666666666666,6
3,10,1,10,2,9,2,10,2,14,0,0,0,0,0.2,0.75,4
2,9,3,10,0,0,0,0,0,0,0,0,0,0,0.125,0.6,5
2,9,3,10,4,9,4,2,3,6,0,0,0,0,0.25,0.5,4
2,9,3,10,4,9,4,2,3,6,4,10,0,0,0.14285714285714285,0.6666666666666666,3
2,9,3,10,4,9,4,2,3,6,4,10,2,4,0.1,0.6666666666666666,3
1,2,1,9,0,0,0,0,0,0,0,0,0,0,0.125,0.75,8
1,2,1,9,3,10,2,8,3,13,0,0,0,0,0.14285714285714285,0.5,2
1,14,4,3,0,0,0,0,0,0,0,0,0,0,0.125,0.75,8
4,11,2,8,0,0,0,0,0,0,0,0,0,0,0.125,0.6666666666666666,6
4,11,2,8,1,14,3,9,3,10,0,0,0,0,0.16666666666666666,0.5,4
4,11,2,8,1,14,3,9,3,10,2,10,0,0,0.1,0.5,4
4,11,2,8,1,14,3,9,3,10,2,10,3,4,0.07692307692307693,0.5,2
2,12,4,7,0,0,0,0,0,0,0,0,0,0,0.125,0.7142857142857143,7
2,12,4,7,2,10,4,14,4,8,0,0,0,0,0.14285714285714285,0.5,4
4,5,3,8,0,0,0,0,0,0,0,0,0,0,0.125,0.6,5
4,5,3,8,3,5,2,5,3,14,0,0,0,0,0.2,0.3333333333333333,3
1,13,3,8,0,0,0,0,0,0,0,0,0,0,0.125,0.7142857142857143,7
1,13,3,8,1,12,2,5,3,3,0,0,0,0,0.14285714285714285,0.6,5
3,9,2,10,0,0,0,0,0,0,0,0,0,0,0.125,0.7142857142857143,7